    0:  4 14 19  6  8  3 16 1e  f 11 10 20
    1:  4 14 19  6  8 10 16  3  f 11 1e 20
    2:  4 14 19  6  8 1e 16  3  f 11 10 20
    3:  4 14 19  8  f  3 16 1e  6 11 10 20
    4:  4 14 19  8  f 10 16  3  6 11 1e 20
    5:  4 14 19  8  f 1e 16  3  6 11 10 20
    6:  4 14 19  8 11  3 16 1e  6  f 10 20
    7:  4 14 19  8 11 10 16  3  6  f 1e 20
    8:  4 14 19  8 11 1e 16  3  6  f 10 20
    9:  4 14 19  8 1e  3 16 11  6  f 10 20
   10:  4 14 19  8 20  3 16 11  6  f 10 1e
   11:  4 14 19  8 20  3 16 11  6  f 1e 10
   12:  4 14 19  8 20  3 16 1e  6 11 10  f
   13:  4 14 19  8 20  3 16 1e  f 11 10  6
   14:  4 14 19  8 20 10 16  3  6 11 1e  f
   15:  4 14 19  8 20 10 16  3  f 11 1e  6
   16:  4 14 19  8 20 1e 16  3  6 11 10  f
   17:  4 14 19  8 20 1e 16  3  f 11 10  6
   18:  4 14 19  f  8  3 16 1e  6 11 10 20
   19:  4 14 19  f  8 10 16  3  6 11 1e 20
   20:  4 14 19  f  8 1e 16  3  6 11 10 20
   21:  4 19  3  6  8 10 14 11  f 16 1e 20
   22:  4 19  3  6  8 10 14 11 16  f 1e 20
   23:  4 19  3  6  8 10 14 16  f 11 1e 20
   24:  4 19  3  6  8 10 16 1e  f 11 14 20
   25:  4 19  3  6  8 14 16 1e  f 11 10 20
   26:  4 19  3  6  8 1e 14 11  f 16 10 20
   27:  4 19  3  6  8 1e 14 11 16  f 10 20
   28:  4 19  3  6  8 1e 14 16  f 11 10 20
   29:  4 19  3  8  f 10 14 11  6 16 1e 20
   30:  4 19  3  8  f 10 14 16  6 11 1e 20
   31:  4 19  3  8  f 10 16 1e  6 11 14 20
   32:  4 19  3  8  f 14 16 1e  6 11 10 20
   33:  4 19  3  8  f 1e 14 11  6 16 10 20
   34:  4 19  3  8  f 1e 14 16  6 11 10 20
   35:  4 19  3  8 11 10 14 16  6  f 1e 20
   36:  4 19  3  8 11 10 16 1e  6  f 14 20
   37:  4 19  3  8 11 14 16 1e  6  f 10 20
   38:  4 19  3  8 11 1e 14 16  6  f 10 20
   39:  4 19  3  8 14 10 16 11  6  f 1e 20
   40:  4 19  3  8 14 1e 16 11  6  f 10 20
   41:  4 19  3  8 16 10 14 11  6  f 1e 20
   42:  4 19  3  8 16 1e 14 11  6  f 10 20
   43:  4 19  3  8 1e 10 16 11  6  f 14 20
   44:  4 19  3  8 1e 14 16 11  6  f 10 20
   45:  4 19  3  8 20 10 14 11  6  f 1e 16
   46:  4 19  3  8 20 10 14 11  6 16 1e  f
   47:  4 19  3  8 20 10 14 11  f 16 1e  6
   48:  4 19  3  8 20 10 14 11 16  f 1e  6
   49:  4 19  3  8 20 10 14 16  6 11 1e  f
   50:  4 19  3  8 20 10 14 16  f 11 1e  6
   51:  4 19  3  8 20 10 16 11  6  f 14 1e
   52:  4 19  3  8 20 10 16 1e  6 11 14  f
   53:  4 19  3  8 20 10 16 1e  f 11 14  6
   54:  4 19  3  8 20 14 16 11  6  f 10 1e
   55:  4 19  3  8 20 14 16 11  6  f 1e 10
   56:  4 19  3  8 20 14 16 1e  6 11 10  f
   57:  4 19  3  8 20 14 16 1e  f 11 10  6
   58:  4 19  3  8 20 1e 14 11  6  f 10 16
   59:  4 19  3  8 20 1e 14 11  6 16 10  f
   60:  4 19  3  8 20 1e 14 11  f 16 10  6
   61:  4 19  3  8 20 1e 14 11 16  f 10  6
   62:  4 19  3  8 20 1e 14 16  6 11 10  f
   63:  4 19  3  8 20 1e 14 16  f 11 10  6
   64:  4 19  3  8 20 1e 16 11  6  f 14 10
   65:  4 19  3  f  8 10 14 11  6 16 1e 20
   66:  4 19  3  f  8 10 14 16  6 11 1e 20
   67:  4 19  3  f  8 10 16 1e  6 11 14 20
   68:  4 19  3  f  8 14 16 1e  6 11 10 20
   69:  4 19  3  f  8 1e 14 11  6 16 10 20
   70:  4 19  3  f  8 1e 14 16  6 11 10 20
   71:  4 19  6  8  f  3 14 1e 16 11 10 20
   72:  4 19  6  8  f 10 14  3 16 11 1e 20
   73:  4 19  6  8  f 1e 14  3 16 11 10 20
   74:  4 19  6  8 11  3 14 1e  f 16 10 20
   75:  4 19  6  8 11  3 14 1e 16  f 10 20
   76:  4 19  6  8 11 10 14  3  f 16 1e 20
   77:  4 19  6  8 11 10 14  3 16  f 1e 20
   78:  4 19  6  8 11 1e 14  3  f 16 10 20
   79:  4 19  6  8 11 1e 14  3 16  f 10 20
   80:  4 19  6  8 14  3 16 1e  f 11 10 20
   81:  4 19  6  8 14 10 16  3  f 11 1e 20
   82:  4 19  6  8 14 1e 16  3  f 11 10 20
   83:  4 19  6  8 16  3 14 1e  f 11 10 20
   84:  4 19  6  8 16 10 14  3  f 11 1e 20
   85:  4 19  6  8 16 1e 14  3  f 11 10 20
   86:  4 19  6  8 1e  3 14 11  f 16 10 20
   87:  4 19  6  8 1e  3 14 11 16  f 10 20
   88:  4 19  6  8 1e  3 14 16  f 11 10 20
   89:  4 19  6  8 1e 10 16  3  f 11 14 20
   90:  4 19  6  8 1e 14 16  3  f 11 10 20
   91:  4 19  6  8 20  3 14 11  f 16 10 1e
   92:  4 19  6  8 20  3 14 11  f 16 1e 10
   93:  4 19  6  8 20  3 14 11 16  f 10 1e
   94:  4 19  6  8 20  3 14 11 16  f 1e 10
   95:  4 19  6  8 20  3 14 16  f 11 10 1e
   96:  4 19  6  8 20  3 14 16  f 11 1e 10
   97:  4 19  6  8 20  3 14 1e  f 11 10 16
   98:  4 19  6  8 20  3 14 1e 16 11 10  f
   99:  4 19  6  8 20  3 16 1e  f 11 14 10
  100:  4 19  6  8 20 10 14  3  f 11 1e 16
  101:  4 19  6  8 20 10 14  3 16 11 1e  f
  102:  4 19  6  8 20 10 16  3  f 11 14 1e
  103:  4 19  6  8 20 14 16  3  f 11 10 1e
  104:  4 19  6  8 20 14 16  3  f 11 1e 10
  105:  4 19  6  8 20 1e 14  3  f 11 10 16
  106:  4 19  6  8 20 1e 14  3 16 11 10  f
  107:  4 19  6  8 20 1e 16  3  f 11 14 10
  108:  4 19  6  f  8  3 14 1e 16 11 10 20
  109:  4 19  6  f  8 10 14  3 16 11 1e 20
  110:  4 19  6  f  8 1e 14  3 16 11 10 20
  111:  4 19 10  6  8  3 14 11  f 16 1e 20
  112:  4 19 10  6  8  3 14 11 16  f 1e 20
  113:  4 19 10  6  8  3 14 16  f 11 1e 20
  114:  4 19 10  6  8  3 16 1e  f 11 14 20
  115:  4 19 10  6  8 14 16  3  f 11 1e 20
  116:  4 19 10  6  8 1e 16  3  f 11 14 20
  117:  4 19 10  8  f  3 14 11  6 16 1e 20
  118:  4 19 10  8  f  3 14 16  6 11 1e 20
  119:  4 19 10  8  f  3 16 1e  6 11 14 20
  120:  4 19 10  8  f 14 16  3  6 11 1e 20
  121:  4 19 10  8  f 1e 16  3  6 11 14 20
  122:  4 19 10  8 11  3 14 16  6  f 1e 20
  123:  4 19 10  8 11  3 16 1e  6  f 14 20
  124:  4 19 10  8 11 14 16  3  6  f 1e 20
  125:  4 19 10  8 11 1e 16  3  6  f 14 20
  126:  4 19 10  8 14  3 16 11  6  f 1e 20
  127:  4 19 10  8 16  3 14 11  6  f 1e 20
  128:  4 19 10  8 1e  3 16 11  6  f 14 20
  129:  4 19 10  8 20  3 14 11  6  f 1e 16
  130:  4 19 10  8 20  3 14 11  6 16 1e  f
  131:  4 19 10  8 20  3 14 11  f 16 1e  6
  132:  4 19 10  8 20  3 14 11 16  f 1e  6
  133:  4 19 10  8 20  3 14 16  6 11 1e  f
  134:  4 19 10  8 20  3 14 16  f 11 1e  6
  135:  4 19 10  8 20  3 16 11  6  f 14 1e
  136:  4 19 10  8 20  3 16 1e  6 11 14  f
  137:  4 19 10  8 20  3 16 1e  f 11 14  6
  138:  4 19 10  8 20 14 16  3  6 11 1e  f
  139:  4 19 10  8 20 14 16  3  f 11 1e  6
  140:  4 19 10  8 20 1e 16  3  6 11 14  f
  141:  4 19 10  8 20 1e 16  3  f 11 14  6
  142:  4 19 10  f  8  3 14 11  6 16 1e 20
  143:  4 19 10  f  8  3 14 16  6 11 1e 20
  144:  4 19 10  f  8  3 16 1e  6 11 14 20
  145:  4 19 10  f  8 14 16  3  6 11 1e 20
  146:  4 19 10  f  8 1e 16  3  6 11 14 20
  147:  4 19 16  6  8  3 14 1e  f 11 10 20
  148:  4 19 16  6  8 10 14  3  f 11 1e 20
  149:  4 19 16  6  8 1e 14  3  f 11 10 20
  150:  4 19 16  8  f  3 14 1e  6 11 10 20
  151:  4 19 16  8  f 10 14  3  6 11 1e 20
  152:  4 19 16  8  f 1e 14  3  6 11 10 20
  153:  4 19 16  8 11  3 14 1e  6  f 10 20
  154:  4 19 16  8 11 10 14  3  6  f 1e 20
  155:  4 19 16  8 11 1e 14  3  6  f 10 20
  156:  4 19 16  8 1e  3 14 11  6  f 10 20
  157:  4 19 16  8 20  3 14 11  6  f 10 1e
  158:  4 19 16  8 20  3 14 11  6  f 1e 10
  159:  4 19 16  8 20  3 14 1e  6 11 10  f
  160:  4 19 16  8 20  3 14 1e  f 11 10  6
  161:  4 19 16  8 20 10 14  3  6 11 1e  f
  162:  4 19 16  8 20 10 14  3  f 11 1e  6
  163:  4 19 16  8 20 1e 14  3  6 11 10  f
  164:  4 19 16  8 20 1e 14  3  f 11 10  6
  165:  4 19 16  f  8  3 14 1e  6 11 10 20
  166:  4 19 16  f  8 10 14  3  6 11 1e 20
  167:  4 19 16  f  8 1e 14  3  6 11 10 20
  168:  6 14 19  4  8  3 16 1e  f 11 10 20
  169:  6 14 19  4  8 10 16  3  f 11 1e 20
  170:  6 14 19  4  8 1e 16  3  f 11 10 20
  171:  6 14 19  8  f  3  4 1e 16 11 10 20
  172:  6 14 19  8  f 10  4  3 16 11 1e 20
  173:  6 14 19  8  f 1e  4  3 16 11 10 20
  174:  6 14 19  8 11  3  4 1e  f 16 10 20
  175:  6 14 19  8 11  3  4 1e 16  f 10 20
  176:  6 14 19  8 11 10  4  3  f 16 1e 20
  177:  6 14 19  8 11 10  4  3 16  f 1e 20
  178:  6 14 19  8 11 1e  4  3  f 16 10 20
  179:  6 14 19  8 11 1e  4  3 16  f 10 20
  180:  6 14 19  8 16  3  4 1e  f 11 10 20
  181:  6 14 19  8 16 10  4  3  f 11 1e 20
  182:  6 14 19  8 16 1e  4  3  f 11 10 20
  183:  6 14 19  8 1e  3  4 11  f 16 10 20
  184:  6 14 19  8 1e  3  4 11 16  f 10 20
  185:  6 14 19  8 1e  3  4 16  f 11 10 20
  186:  6 14 19  8 1e  3 16  4  f 11 10 20
  187:  6 14 19  8 1e  4 16  3  f 11 10 20
  188:  6 14 19  8 1e 10 16  3  f 11  4 20
  189:  6 14 19  8 20  3  4 11  f 16 10 1e
  190:  6 14 19  8 20  3  4 11  f 16 1e 10
  191:  6 14 19  8 20  3  4 11 16  f 10 1e
  192:  6 14 19  8 20  3  4 11 16  f 1e 10
  193:  6 14 19  8 20  3  4 16  f 11 10 1e
  194:  6 14 19  8 20  3  4 16  f 11 1e 10
  195:  6 14 19  8 20  3  4 1e  f 11 10 16
  196:  6 14 19  8 20  3  4 1e 16 11 10  f
  197:  6 14 19  8 20  3 16  4  f 11 10 1e
  198:  6 14 19  8 20  3 16  4  f 11 1e 10
  199:  6 14 19  8 20  3 16 1e  f 11  4 10
  200:  6 14 19  8 20  3 16 1e  f 11 10  4
  201:  6 14 19  8 20  4 16  3  f 11 10 1e
  202:  6 14 19  8 20  4 16  3  f 11 1e 10
  203:  6 14 19  8 20 10  4  3  f 11 1e 16
  204:  6 14 19  8 20 10  4  3 16 11 1e  f
  205:  6 14 19  8 20 10 16  3  f 11  4 1e
  206:  6 14 19  8 20 10 16  3  f 11 1e  4
  207:  6 14 19  8 20 1e  4  3  f 11 10 16
  208:  6 14 19  8 20 1e  4  3 16 11 10  f
  209:  6 14 19  8 20 1e 16  3  f 11  4 10
  210:  6 14 19  8 20 1e 16  3  f 11 10  4
  211:  6 14 19  f  8  3  4 1e 16 11 10 20
  212:  6 14 19  f  8 10  4  3 16 11 1e 20
  213:  6 14 19  f  8 1e  4  3 16 11 10 20
  214:  6 19  3  4  8 10 14 11  f 16 1e 20
  215:  6 19  3  4  8 10 14 11 16  f 1e 20
  216:  6 19  3  4  8 10 14 16  f 11 1e 20
  217:  6 19  3  4  8 10 16 1e  f 11 14 20
  218:  6 19  3  4  8 14 16 1e  f 11 10 20
  219:  6 19  3  4  8 1e 14 11  f 16 10 20
  220:  6 19  3  4  8 1e 14 11 16  f 10 20
  221:  6 19  3  4  8 1e 14 16  f 11 10 20
  222:  6 19  3  8  f  4 14 1e 16 11 10 20
  223:  6 19  3  8  f 10  4 1e 16 11 14 20
  224:  6 19  3  8  f 10 14  4 16 11 1e 20
  225:  6 19  3  8  f 10 14 1e 16 11  4 20
  226:  6 19  3  8  f 14  4 1e 16 11 10 20
  227:  6 19  3  8  f 1e 14  4 16 11 10 20
  228:  6 19  3  8 11  4 14 1e  f 16 10 20
  229:  6 19  3  8 11  4 14 1e 16  f 10 20
  230:  6 19  3  8 11 10  4 1e  f 16 14 20
  231:  6 19  3  8 11 10  4 1e 16  f 14 20
  232:  6 19  3  8 11 10 14  4  f 16 1e 20
  233:  6 19  3  8 11 10 14  4 16  f 1e 20
  234:  6 19  3  8 11 10 14 1e  f 16  4 20
  235:  6 19  3  8 11 10 14 1e 16  f  4 20
  236:  6 19  3  8 11 14  4 1e  f 16 10 20
  237:  6 19  3  8 11 14  4 1e 16  f 10 20
  238:  6 19  3  8 11 1e 14  4  f 16 10 20
  239:  6 19  3  8 11 1e 14  4 16  f 10 20
  240:  6 19  3  8 14  4 16 1e  f 11 10 20
  241:  6 19  3  8 14 10  4 11  f 16 1e 20
  242:  6 19  3  8 14 10  4 11 16  f 1e 20
  243:  6 19  3  8 14 10  4 16  f 11 1e 20
  244:  6 19  3  8 14 10 16  4  f 11 1e 20
  245:  6 19  3  8 14 10 16 1e  f 11  4 20
  246:  6 19  3  8 14 1e  4 11  f 16 10 20
  247:  6 19  3  8 14 1e  4 11 16  f 10 20
  248:  6 19  3  8 14 1e  4 16  f 11 10 20
  249:  6 19  3  8 14 1e 16  4  f 11 10 20
  250:  6 19  3  8 16  4 14 1e  f 11 10 20
  251:  6 19  3  8 16 10  4 1e  f 11 14 20
  252:  6 19  3  8 16 10 14  4  f 11 1e 20
  253:  6 19  3  8 16 10 14 1e  f 11  4 20
  254:  6 19  3  8 16 14  4 1e  f 11 10 20
  255:  6 19  3  8 16 1e 14  4  f 11 10 20
  256:  6 19  3  8 1e  4 14 11  f 16 10 20
  257:  6 19  3  8 1e  4 14 11 16  f 10 20
  258:  6 19  3  8 1e  4 14 16  f 11 10 20
  259:  6 19  3  8 1e 10  4 11  f 16 14 20
  260:  6 19  3  8 1e 10  4 11 16  f 14 20
  261:  6 19  3  8 1e 10  4 16  f 11 14 20
  262:  6 19  3  8 1e 10 14 11  f 16  4 20
  263:  6 19  3  8 1e 10 14 11 16  f  4 20
  264:  6 19  3  8 1e 10 14 16  f 11  4 20
  265:  6 19  3  8 1e 10 16  4  f 11 14 20
  266:  6 19  3  8 1e 14  4 11  f 16 10 20
  267:  6 19  3  8 1e 14  4 11 16  f 10 20
  268:  6 19  3  8 1e 14  4 16  f 11 10 20
  269:  6 19  3  8 1e 14 16  4  f 11 10 20
  270:  6 19  3  8 20  4 14 11  f 16 10 1e
  271:  6 19  3  8 20  4 14 11  f 16 1e 10
  272:  6 19  3  8 20  4 14 11 16  f 10 1e
  273:  6 19  3  8 20  4 14 11 16  f 1e 10
  274:  6 19  3  8 20  4 14 16  f 11 10 1e
  275:  6 19  3  8 20  4 14 16  f 11 1e 10
  276:  6 19  3  8 20  4 14 1e  f 11 10 16
  277:  6 19  3  8 20  4 14 1e 16 11 10  f
  278:  6 19  3  8 20  4 16 1e  f 11 14 10
  279:  6 19  3  8 20 10  4 11  f 16 14 1e
  280:  6 19  3  8 20 10  4 11 16  f 14 1e
  281:  6 19  3  8 20 10  4 16  f 11 14 1e
  282:  6 19  3  8 20 10  4 1e  f 11 14 16
  283:  6 19  3  8 20 10  4 1e 16 11 14  f
  284:  6 19  3  8 20 10 14  4  f 11 1e 16
  285:  6 19  3  8 20 10 14  4 16 11 1e  f
  286:  6 19  3  8 20 10 14 11  f 16  4 1e
  287:  6 19  3  8 20 10 14 11  f 16 1e  4
  288:  6 19  3  8 20 10 14 11 16  f  4 1e
  289:  6 19  3  8 20 10 14 11 16  f 1e  4
  290:  6 19  3  8 20 10 14 16  f 11  4 1e
  291:  6 19  3  8 20 10 14 16  f 11 1e  4
  292:  6 19  3  8 20 10 14 1e  f 11  4 16
  293:  6 19  3  8 20 10 14 1e 16 11  4  f
  294:  6 19  3  8 20 10 16  4  f 11 14 1e
  295:  6 19  3  8 20 10 16 1e  f 11 14  4
  296:  6 19  3  8 20 14  4 11  f 16 10 1e
  297:  6 19  3  8 20 14  4 11  f 16 1e 10
  298:  6 19  3  8 20 14  4 11 16  f 10 1e
  299:  6 19  3  8 20 14  4 11 16  f 1e 10
  300:  6 19  3  8 20 14  4 16  f 11 10 1e
  301:  6 19  3  8 20 14  4 16  f 11 1e 10
  302:  6 19  3  8 20 14  4 1e  f 11 10 16
  303:  6 19  3  8 20 14  4 1e 16 11 10  f
  304:  6 19  3  8 20 14 16  4  f 11 10 1e
  305:  6 19  3  8 20 14 16  4  f 11 1e 10
  306:  6 19  3  8 20 14 16 1e  f 11  4 10
  307:  6 19  3  8 20 14 16 1e  f 11 10  4
  308:  6 19  3  8 20 1e  4 11  f 16 14 10
  309:  6 19  3  8 20 1e  4 11 16  f 14 10
  310:  6 19  3  8 20 1e  4 16  f 11 14 10
  311:  6 19  3  8 20 1e 14  4  f 11 10 16
  312:  6 19  3  8 20 1e 14  4 16 11 10  f
  313:  6 19  3  8 20 1e 14 11  f 16  4 10
  314:  6 19  3  8 20 1e 14 11  f 16 10  4
  315:  6 19  3  8 20 1e 14 11 16  f  4 10
  316:  6 19  3  8 20 1e 14 11 16  f 10  4
  317:  6 19  3  8 20 1e 14 16  f 11  4 10
  318:  6 19  3  8 20 1e 14 16  f 11 10  4
  319:  6 19  3  8 20 1e 16  4  f 11 14 10
  320:  6 19  3  f  8  4 14 1e 16 11 10 20
  321:  6 19  3  f  8 10  4 1e 16 11 14 20
  322:  6 19  3  f  8 10 14  4 16 11 1e 20
  323:  6 19  3  f  8 10 14 1e 16 11  4 20
  324:  6 19  3  f  8 14  4 1e 16 11 10 20
  325:  6 19  3  f  8 1e 14  4 16 11 10 20
  326:  6 19  4  8  f  3 14 1e 16 11 10 20
  327:  6 19  4  8  f 10 14  3 16 11 1e 20
  328:  6 19  4  8  f 1e 14  3 16 11 10 20
  329:  6 19  4  8 11  3 14 1e  f 16 10 20
  330:  6 19  4  8 11  3 14 1e 16  f 10 20
  331:  6 19  4  8 11 10 14  3  f 16 1e 20
  332:  6 19  4  8 11 10 14  3 16  f 1e 20
  333:  6 19  4  8 11 1e 14  3  f 16 10 20
  334:  6 19  4  8 11 1e 14  3 16  f 10 20
  335:  6 19  4  8 14  3 16 1e  f 11 10 20
  336:  6 19  4  8 14 10 16  3  f 11 1e 20
  337:  6 19  4  8 14 1e 16  3  f 11 10 20
  338:  6 19  4  8 16  3 14 1e  f 11 10 20
  339:  6 19  4  8 16 10 14  3  f 11 1e 20
  340:  6 19  4  8 16 1e 14  3  f 11 10 20
  341:  6 19  4  8 1e  3 14 11  f 16 10 20
  342:  6 19  4  8 1e  3 14 11 16  f 10 20
  343:  6 19  4  8 1e  3 14 16  f 11 10 20
  344:  6 19  4  8 1e 10 16  3  f 11 14 20
  345:  6 19  4  8 1e 14 16  3  f 11 10 20
  346:  6 19  4  8 20  3 14 11  f 16 10 1e
  347:  6 19  4  8 20  3 14 11  f 16 1e 10
  348:  6 19  4  8 20  3 14 11 16  f 10 1e
  349:  6 19  4  8 20  3 14 11 16  f 1e 10
  350:  6 19  4  8 20  3 14 16  f 11 10 1e
  351:  6 19  4  8 20  3 14 16  f 11 1e 10
  352:  6 19  4  8 20  3 14 1e  f 11 10 16
  353:  6 19  4  8 20  3 14 1e 16 11 10  f
  354:  6 19  4  8 20  3 16 1e  f 11 14 10
  355:  6 19  4  8 20 10 14  3  f 11 1e 16
  356:  6 19  4  8 20 10 14  3 16 11 1e  f
  357:  6 19  4  8 20 10 16  3  f 11 14 1e
  358:  6 19  4  8 20 14 16  3  f 11 10 1e
  359:  6 19  4  8 20 14 16  3  f 11 1e 10
  360:  6 19  4  8 20 1e 14  3  f 11 10 16
  361:  6 19  4  8 20 1e 14  3 16 11 10  f
  362:  6 19  4  8 20 1e 16  3  f 11 14 10
  363:  6 19  4  f  8  3 14 1e 16 11 10 20
  364:  6 19  4  f  8 10 14  3 16 11 1e 20
  365:  6 19  4  f  8 1e 14  3 16 11 10 20
  366:  6 19 10  4  8  3 14 11  f 16 1e 20
  367:  6 19 10  4  8  3 14 11 16  f 1e 20
  368:  6 19 10  4  8  3 14 16  f 11 1e 20
  369:  6 19 10  4  8  3 16 1e  f 11 14 20
  370:  6 19 10  4  8 14 16  3  f 11 1e 20
  371:  6 19 10  4  8 1e 16  3  f 11 14 20
  372:  6 19 10  8  f  3  4 1e 16 11 14 20
  373:  6 19 10  8  f  3 14  4 16 11 1e 20
  374:  6 19 10  8  f  3 14 1e 16 11  4 20
  375:  6 19 10  8  f  4 14  3 16 11 1e 20
  376:  6 19 10  8  f 14  4  3 16 11 1e 20
  377:  6 19 10  8  f 1e  4  3 16 11 14 20
  378:  6 19 10  8  f 1e 14  3 16 11  4 20
  379:  6 19 10  8 11  3  4 1e  f 16 14 20
  380:  6 19 10  8 11  3  4 1e 16  f 14 20
  381:  6 19 10  8 11  3 14  4  f 16 1e 20
  382:  6 19 10  8 11  3 14  4 16  f 1e 20
  383:  6 19 10  8 11  3 14 1e  f 16  4 20
  384:  6 19 10  8 11  3 14 1e 16  f  4 20
  385:  6 19 10  8 11  4 14  3  f 16 1e 20
  386:  6 19 10  8 11  4 14  3 16  f 1e 20
  387:  6 19 10  8 11 14  4  3  f 16 1e 20
  388:  6 19 10  8 11 14  4  3 16  f 1e 20
  389:  6 19 10  8 11 1e  4  3  f 16 14 20
  390:  6 19 10  8 11 1e  4  3 16  f 14 20
  391:  6 19 10  8 11 1e 14  3  f 16  4 20
  392:  6 19 10  8 11 1e 14  3 16  f  4 20
  393:  6 19 10  8 14  3  4 11  f 16 1e 20
  394:  6 19 10  8 14  3  4 11 16  f 1e 20
  395:  6 19 10  8 14  3  4 16  f 11 1e 20
  396:  6 19 10  8 14  3 16  4  f 11 1e 20
  397:  6 19 10  8 14  3 16 1e  f 11  4 20
  398:  6 19 10  8 14  4 16  3  f 11 1e 20
  399:  6 19 10  8 14 1e 16  3  f 11  4 20
  400:  6 19 10  8 16  3  4 1e  f 11 14 20
  401:  6 19 10  8 16  3 14  4  f 11 1e 20
  402:  6 19 10  8 16  3 14 1e  f 11  4 20
  403:  6 19 10  8 16  4 14  3  f 11 1e 20
  404:  6 19 10  8 16 14  4  3  f 11 1e 20
  405:  6 19 10  8 16 1e  4  3  f 11 14 20
  406:  6 19 10  8 16 1e 14  3  f 11  4 20
  407:  6 19 10  8 1e  3  4 11  f 16 14 20
  408:  6 19 10  8 1e  3  4 11 16  f 14 20
  409:  6 19 10  8 1e  3  4 16  f 11 14 20
  410:  6 19 10  8 1e  3 14 11  f 16  4 20
  411:  6 19 10  8 1e  3 14 11 16  f  4 20
  412:  6 19 10  8 1e  3 14 16  f 11  4 20
  413:  6 19 10  8 1e  3 16  4  f 11 14 20
  414:  6 19 10  8 1e  4 16  3  f 11 14 20
  415:  6 19 10  8 1e 14 16  3  f 11  4 20
  416:  6 19 10  8 20  3  4 11  f 16 14 1e
  417:  6 19 10  8 20  3  4 11 16  f 14 1e
  418:  6 19 10  8 20  3  4 16  f 11 14 1e
  419:  6 19 10  8 20  3  4 1e  f 11 14 16
  420:  6 19 10  8 20  3  4 1e 16 11 14  f
  421:  6 19 10  8 20  3 14  4  f 11 1e 16
  422:  6 19 10  8 20  3 14  4 16 11 1e  f
  423:  6 19 10  8 20  3 14 11  f 16  4 1e
  424:  6 19 10  8 20  3 14 11  f 16 1e  4
  425:  6 19 10  8 20  3 14 11 16  f  4 1e
  426:  6 19 10  8 20  3 14 11 16  f 1e  4
  427:  6 19 10  8 20  3 14 16  f 11  4 1e
  428:  6 19 10  8 20  3 14 16  f 11 1e  4
  429:  6 19 10  8 20  3 14 1e  f 11  4 16
  430:  6 19 10  8 20  3 14 1e 16 11  4  f
  431:  6 19 10  8 20  3 16  4  f 11 14 1e
  432:  6 19 10  8 20  3 16 1e  f 11 14  4
  433:  6 19 10  8 20  4 14  3  f 11 1e 16
  434:  6 19 10  8 20  4 14  3 16 11 1e  f
  435:  6 19 10  8 20  4 16  3  f 11 14 1e
  436:  6 19 10  8 20 14  4  3  f 11 1e 16
  437:  6 19 10  8 20 14  4  3 16 11 1e  f
  438:  6 19 10  8 20 14 16  3  f 11  4 1e
  439:  6 19 10  8 20 14 16  3  f 11 1e  4
  440:  6 19 10  8 20 1e  4  3  f 11 14 16
  441:  6 19 10  8 20 1e  4  3 16 11 14  f
  442:  6 19 10  8 20 1e 14  3  f 11  4 16
  443:  6 19 10  8 20 1e 14  3 16 11  4  f
  444:  6 19 10  8 20 1e 16  3  f 11 14  4
  445:  6 19 10  f  8  3  4 1e 16 11 14 20
  446:  6 19 10  f  8  3 14  4 16 11 1e 20
  447:  6 19 10  f  8  3 14 1e 16 11  4 20
  448:  6 19 10  f  8  4 14  3 16 11 1e 20
  449:  6 19 10  f  8 14  4  3 16 11 1e 20
  450:  6 19 10  f  8 1e  4  3 16 11 14 20
  451:  6 19 10  f  8 1e 14  3 16 11  4 20
  452:  6 19 16  4  8  3 14 1e  f 11 10 20
  453:  6 19 16  4  8 10 14  3  f 11 1e 20
  454:  6 19 16  4  8 1e 14  3  f 11 10 20
  455:  6 19 16  8 14  3  4 1e  f 11 10 20
  456:  6 19 16  8 14 10  4  3  f 11 1e 20
  457:  6 19 16  8 14 1e  4  3  f 11 10 20
  458:  6 19 16  8 1e  3 14  4  f 11 10 20
  459:  6 19 16  8 1e  4 14  3  f 11 10 20
  460:  6 19 16  8 1e 10  4  3  f 11 14 20
  461:  6 19 16  8 1e 10 14  3  f 11  4 20
  462:  6 19 16  8 1e 14  4  3  f 11 10 20
  463:  6 19 16  8 20  3  4 1e  f 11 14 10
  464:  6 19 16  8 20  3 14  4  f 11 10 1e
  465:  6 19 16  8 20  3 14  4  f 11 1e 10
  466:  6 19 16  8 20  3 14 1e  f 11  4 10
  467:  6 19 16  8 20  3 14 1e  f 11 10  4
  468:  6 19 16  8 20  4 14  3  f 11 10 1e
  469:  6 19 16  8 20  4 14  3  f 11 1e 10
  470:  6 19 16  8 20 10  4  3  f 11 14 1e
  471:  6 19 16  8 20 10 14  3  f 11  4 1e
  472:  6 19 16  8 20 10 14  3  f 11 1e  4
  473:  6 19 16  8 20 14  4  3  f 11 10 1e
  474:  6 19 16  8 20 14  4  3  f 11 1e 10
  475:  6 19 16  8 20 1e  4  3  f 11 14 10
  476:  6 19 16  8 20 1e 14  3  f 11  4 10
  477:  6 19 16  8 20 1e 14  3  f 11 10  4
  478:  8 14 19  4  f  3 16 1e  6 11 10 20
  479:  8 14 19  4  f 10 16  3  6 11 1e 20
  480:  8 14 19  4  f 1e 16  3  6 11 10 20
  481:  8 14 19  4 11  3 16 1e  6  f 10 20
  482:  8 14 19  4 11 10 16  3  6  f 1e 20
  483:  8 14 19  4 11 1e 16  3  6  f 10 20
  484:  8 14 19  4 1e  3 16 11  6  f 10 20
  485:  8 14 19  4 20  3 16 11  6  f 10 1e
  486:  8 14 19  4 20  3 16 11  6  f 1e 10
  487:  8 14 19  4 20  3 16 1e  6 11 10  f
  488:  8 14 19  4 20  3 16 1e  f 11 10  6
  489:  8 14 19  4 20 10 16  3  6 11 1e  f
  490:  8 14 19  4 20 10 16  3  f 11 1e  6
  491:  8 14 19  4 20 1e 16  3  6 11 10  f
  492:  8 14 19  4 20 1e 16  3  f 11 10  6
  493:  8 14 19  6  f  3  4 1e 16 11 10 20
  494:  8 14 19  6  f 10  4  3 16 11 1e 20
  495:  8 14 19  6  f 1e  4  3 16 11 10 20
  496:  8 14 19  6 11  3  4 1e  f 16 10 20
  497:  8 14 19  6 11  3  4 1e 16  f 10 20
  498:  8 14 19  6 11 10  4  3  f 16 1e 20
  499:  8 14 19  6 11 10  4  3 16  f 1e 20
  500:  8 14 19  6 11 1e  4  3  f 16 10 20
  501:  8 14 19  6 11 1e  4  3 16  f 10 20
  502:  8 14 19  6 16  3  4 1e  f 11 10 20
  503:  8 14 19  6 16 10  4  3  f 11 1e 20
  504:  8 14 19  6 16 1e  4  3  f 11 10 20
  505:  8 14 19  6 1e  3  4 11  f 16 10 20
  506:  8 14 19  6 1e  3  4 11 16  f 10 20
  507:  8 14 19  6 1e  3  4 16  f 11 10 20
  508:  8 14 19  6 1e  3 16  4  f 11 10 20
  509:  8 14 19  6 1e  4 16  3  f 11 10 20
  510:  8 14 19  6 1e 10 16  3  f 11  4 20
  511:  8 14 19  6 20  3  4 11  f 16 10 1e
  512:  8 14 19  6 20  3  4 11  f 16 1e 10
  513:  8 14 19  6 20  3  4 11 16  f 10 1e
  514:  8 14 19  6 20  3  4 11 16  f 1e 10
  515:  8 14 19  6 20  3  4 16  f 11 10 1e
  516:  8 14 19  6 20  3  4 16  f 11 1e 10
  517:  8 14 19  6 20  3  4 1e  f 11 10 16
  518:  8 14 19  6 20  3  4 1e 16 11 10  f
  519:  8 14 19  6 20  3 16  4  f 11 10 1e
  520:  8 14 19  6 20  3 16  4  f 11 1e 10
  521:  8 14 19  6 20  3 16 1e  f 11  4 10
  522:  8 14 19  6 20  3 16 1e  f 11 10  4
  523:  8 14 19  6 20  4 16  3  f 11 10 1e
  524:  8 14 19  6 20  4 16  3  f 11 1e 10
  525:  8 14 19  6 20 10  4  3  f 11 1e 16
  526:  8 14 19  6 20 10  4  3 16 11 1e  f
  527:  8 14 19  6 20 10 16  3  f 11  4 1e
  528:  8 14 19  6 20 10 16  3  f 11 1e  4
  529:  8 14 19  6 20 1e  4  3  f 11 10 16
  530:  8 14 19  6 20 1e  4  3 16 11 10  f
  531:  8 14 19  6 20 1e 16  3  f 11  4 10
  532:  8 14 19  6 20 1e 16  3  f 11 10  4
  533:  8 14 19  f 11  3  4 1e  6 16 10 20
  534:  8 14 19  f 11 10  4  3  6 16 1e 20
  535:  8 14 19  f 11 1e  4  3  6 16 10 20
  536:  8 14 19  f 16  3  4 1e  6 11 10 20
  537:  8 14 19  f 16 10  4  3  6 11 1e 20
  538:  8 14 19  f 16 1e  4  3  6 11 10 20
  539:  8 14 19  f 1e  3  4 11  6 16 10 20
  540:  8 14 19  f 1e  3  4 16  6 11 10 20
  541:  8 14 19  f 1e  3 16  4  6 11 10 20
  542:  8 14 19  f 1e  4 16  3  6 11 10 20
  543:  8 14 19  f 1e 10 16  3  6 11  4 20
  544:  8 14 19  f 20  3  4 11  6 16 10 1e
  545:  8 14 19  f 20  3  4 11  6 16 1e 10
  546:  8 14 19  f 20  3  4 16  6 11 10 1e
  547:  8 14 19  f 20  3  4 16  6 11 1e 10
  548:  8 14 19  f 20  3  4 1e  6 11 10 16
  549:  8 14 19  f 20  3  4 1e 16 11 10  6
  550:  8 14 19  f 20  3 16  4  6 11 10 1e
  551:  8 14 19  f 20  3 16  4  6 11 1e 10
  552:  8 14 19  f 20  3 16 1e  6 11  4 10
  553:  8 14 19  f 20  3 16 1e  6 11 10  4
  554:  8 14 19  f 20  4 16  3  6 11 10 1e
  555:  8 14 19  f 20  4 16  3  6 11 1e 10
  556:  8 14 19  f 20 10  4  3  6 11 1e 16
  557:  8 14 19  f 20 10  4  3 16 11 1e  6
  558:  8 14 19  f 20 10 16  3  6 11  4 1e
  559:  8 14 19  f 20 10 16  3  6 11 1e  4
  560:  8 14 19  f 20 1e  4  3  6 11 10 16
  561:  8 14 19  f 20 1e  4  3 16 11 10  6
  562:  8 14 19  f 20 1e 16  3  6 11  4 10
  563:  8 14 19  f 20 1e 16  3  6 11 10  4
  564:  8 19  3  4  f 10 14 11  6 16 1e 20
  565:  8 19  3  4  f 10 14 16  6 11 1e 20
  566:  8 19  3  4  f 10 16 1e  6 11 14 20
  567:  8 19  3  4  f 14 16 1e  6 11 10 20
  568:  8 19  3  4  f 1e 14 11  6 16 10 20
  569:  8 19  3  4  f 1e 14 16  6 11 10 20
  570:  8 19  3  4 11 10 14 16  6  f 1e 20
  571:  8 19  3  4 11 10 16 1e  6  f 14 20
  572:  8 19  3  4 11 14 16 1e  6  f 10 20
  573:  8 19  3  4 11 1e 14 16  6  f 10 20
  574:  8 19  3  4 14 10 16 11  6  f 1e 20
  575:  8 19  3  4 14 1e 16 11  6  f 10 20
  576:  8 19  3  4 16 10 14 11  6  f 1e 20
  577:  8 19  3  4 16 1e 14 11  6  f 10 20
  578:  8 19  3  4 1e 10 16 11  6  f 14 20
  579:  8 19  3  4 1e 14 16 11  6  f 10 20
  580:  8 19  3  4 20 10 14 11  6  f 1e 16
  581:  8 19  3  4 20 10 14 11  6 16 1e  f
  582:  8 19  3  4 20 10 14 11  f 16 1e  6
  583:  8 19  3  4 20 10 14 11 16  f 1e  6
  584:  8 19  3  4 20 10 14 16  6 11 1e  f
  585:  8 19  3  4 20 10 14 16  f 11 1e  6
  586:  8 19  3  4 20 10 16 11  6  f 14 1e
  587:  8 19  3  4 20 10 16 1e  6 11 14  f
  588:  8 19  3  4 20 10 16 1e  f 11 14  6
  589:  8 19  3  4 20 14 16 11  6  f 10 1e
  590:  8 19  3  4 20 14 16 11  6  f 1e 10
  591:  8 19  3  4 20 14 16 1e  6 11 10  f
  592:  8 19  3  4 20 14 16 1e  f 11 10  6
  593:  8 19  3  4 20 1e 14 11  6  f 10 16
  594:  8 19  3  4 20 1e 14 11  6 16 10  f
  595:  8 19  3  4 20 1e 14 11  f 16 10  6
  596:  8 19  3  4 20 1e 14 11 16  f 10  6
  597:  8 19  3  4 20 1e 14 16  6 11 10  f
  598:  8 19  3  4 20 1e 14 16  f 11 10  6
  599:  8 19  3  4 20 1e 16 11  6  f 14 10
  600:  8 19  3  6  f  4 14 1e 16 11 10 20
  601:  8 19  3  6  f 10  4 1e 16 11 14 20
  602:  8 19  3  6  f 10 14  4 16 11 1e 20
  603:  8 19  3  6  f 10 14 1e 16 11  4 20
  604:  8 19  3  6  f 14  4 1e 16 11 10 20
  605:  8 19  3  6  f 1e 14  4 16 11 10 20
  606:  8 19  3  6 11  4 14 1e  f 16 10 20
  607:  8 19  3  6 11  4 14 1e 16  f 10 20
  608:  8 19  3  6 11 10  4 1e  f 16 14 20
  609:  8 19  3  6 11 10  4 1e 16  f 14 20
  610:  8 19  3  6 11 10 14  4  f 16 1e 20
  611:  8 19  3  6 11 10 14  4 16  f 1e 20
  612:  8 19  3  6 11 10 14 1e  f 16  4 20
  613:  8 19  3  6 11 10 14 1e 16  f  4 20
  614:  8 19  3  6 11 14  4 1e  f 16 10 20
  615:  8 19  3  6 11 14  4 1e 16  f 10 20
  616:  8 19  3  6 11 1e 14  4  f 16 10 20
  617:  8 19  3  6 11 1e 14  4 16  f 10 20
  618:  8 19  3  6 14  4 16 1e  f 11 10 20
  619:  8 19  3  6 14 10  4 11  f 16 1e 20
  620:  8 19  3  6 14 10  4 11 16  f 1e 20
  621:  8 19  3  6 14 10  4 16  f 11 1e 20
  622:  8 19  3  6 14 10 16  4  f 11 1e 20
  623:  8 19  3  6 14 10 16 1e  f 11  4 20
  624:  8 19  3  6 14 1e  4 11  f 16 10 20
  625:  8 19  3  6 14 1e  4 11 16  f 10 20
  626:  8 19  3  6 14 1e  4 16  f 11 10 20
  627:  8 19  3  6 14 1e 16  4  f 11 10 20
  628:  8 19  3  6 16  4 14 1e  f 11 10 20
  629:  8 19  3  6 16 10  4 1e  f 11 14 20
  630:  8 19  3  6 16 10 14  4  f 11 1e 20
  631:  8 19  3  6 16 10 14 1e  f 11  4 20
  632:  8 19  3  6 16 14  4 1e  f 11 10 20
  633:  8 19  3  6 16 1e 14  4  f 11 10 20
  634:  8 19  3  6 1e  4 14 11  f 16 10 20
  635:  8 19  3  6 1e  4 14 11 16  f 10 20
  636:  8 19  3  6 1e  4 14 16  f 11 10 20
  637:  8 19  3  6 1e 10  4 11  f 16 14 20
  638:  8 19  3  6 1e 10  4 11 16  f 14 20
  639:  8 19  3  6 1e 10  4 16  f 11 14 20
  640:  8 19  3  6 1e 10 14 11  f 16  4 20
  641:  8 19  3  6 1e 10 14 11 16  f  4 20
  642:  8 19  3  6 1e 10 14 16  f 11  4 20
  643:  8 19  3  6 1e 10 16  4  f 11 14 20
  644:  8 19  3  6 1e 14  4 11  f 16 10 20
  645:  8 19  3  6 1e 14  4 11 16  f 10 20
  646:  8 19  3  6 1e 14  4 16  f 11 10 20
  647:  8 19  3  6 1e 14 16  4  f 11 10 20
  648:  8 19  3  6 20  4 14 11  f 16 10 1e
  649:  8 19  3  6 20  4 14 11  f 16 1e 10
  650:  8 19  3  6 20  4 14 11 16  f 10 1e
  651:  8 19  3  6 20  4 14 11 16  f 1e 10
  652:  8 19  3  6 20  4 14 16  f 11 10 1e
  653:  8 19  3  6 20  4 14 16  f 11 1e 10
  654:  8 19  3  6 20  4 14 1e  f 11 10 16
  655:  8 19  3  6 20  4 14 1e 16 11 10  f
  656:  8 19  3  6 20  4 16 1e  f 11 14 10
  657:  8 19  3  6 20 10  4 11  f 16 14 1e
  658:  8 19  3  6 20 10  4 11 16  f 14 1e
  659:  8 19  3  6 20 10  4 16  f 11 14 1e
  660:  8 19  3  6 20 10  4 1e  f 11 14 16
  661:  8 19  3  6 20 10  4 1e 16 11 14  f
  662:  8 19  3  6 20 10 14  4  f 11 1e 16
  663:  8 19  3  6 20 10 14  4 16 11 1e  f
  664:  8 19  3  6 20 10 14 11  f 16  4 1e
  665:  8 19  3  6 20 10 14 11  f 16 1e  4
  666:  8 19  3  6 20 10 14 11 16  f  4 1e
  667:  8 19  3  6 20 10 14 11 16  f 1e  4
  668:  8 19  3  6 20 10 14 16  f 11  4 1e
  669:  8 19  3  6 20 10 14 16  f 11 1e  4
  670:  8 19  3  6 20 10 14 1e  f 11  4 16
  671:  8 19  3  6 20 10 14 1e 16 11  4  f
  672:  8 19  3  6 20 10 16  4  f 11 14 1e
  673:  8 19  3  6 20 10 16 1e  f 11 14  4
  674:  8 19  3  6 20 14  4 11  f 16 10 1e
  675:  8 19  3  6 20 14  4 11  f 16 1e 10
  676:  8 19  3  6 20 14  4 11 16  f 10 1e
  677:  8 19  3  6 20 14  4 11 16  f 1e 10
  678:  8 19  3  6 20 14  4 16  f 11 10 1e
  679:  8 19  3  6 20 14  4 16  f 11 1e 10
  680:  8 19  3  6 20 14  4 1e  f 11 10 16
  681:  8 19  3  6 20 14  4 1e 16 11 10  f
  682:  8 19  3  6 20 14 16  4  f 11 10 1e
  683:  8 19  3  6 20 14 16  4  f 11 1e 10
  684:  8 19  3  6 20 14 16 1e  f 11  4 10
  685:  8 19  3  6 20 14 16 1e  f 11 10  4
  686:  8 19  3  6 20 1e  4 11  f 16 14 10
  687:  8 19  3  6 20 1e  4 11 16  f 14 10
  688:  8 19  3  6 20 1e  4 16  f 11 14 10
  689:  8 19  3  6 20 1e 14  4  f 11 10 16
  690:  8 19  3  6 20 1e 14  4 16 11 10  f
  691:  8 19  3  6 20 1e 14 11  f 16  4 10
  692:  8 19  3  6 20 1e 14 11  f 16 10  4
  693:  8 19  3  6 20 1e 14 11 16  f  4 10
  694:  8 19  3  6 20 1e 14 11 16  f 10  4
  695:  8 19  3  6 20 1e 14 16  f 11  4 10
  696:  8 19  3  6 20 1e 14 16  f 11 10  4
  697:  8 19  3  6 20 1e 16  4  f 11 14 10
  698:  8 19  3  f 11  4 14 1e  6 16 10 20
  699:  8 19  3  f 11 10  4 1e  6 16 14 20
  700:  8 19  3  f 11 10 14  4  6 16 1e 20
  701:  8 19  3  f 11 10 14 1e  6 16  4 20
  702:  8 19  3  f 11 14  4 1e  6 16 10 20
  703:  8 19  3  f 11 1e 14  4  6 16 10 20
  704:  8 19  3  f 14  4 16 1e  6 11 10 20
  705:  8 19  3  f 14 10  4 11  6 16 1e 20
  706:  8 19  3  f 14 10  4 16  6 11 1e 20
  707:  8 19  3  f 14 10 16  4  6 11 1e 20
  708:  8 19  3  f 14 10 16 1e  6 11  4 20
  709:  8 19  3  f 14 1e  4 11  6 16 10 20
  710:  8 19  3  f 14 1e  4 16  6 11 10 20
  711:  8 19  3  f 14 1e 16  4  6 11 10 20
  712:  8 19  3  f 16  4 14 1e  6 11 10 20
  713:  8 19  3  f 16 10  4 1e  6 11 14 20
  714:  8 19  3  f 16 10 14  4  6 11 1e 20
  715:  8 19  3  f 16 10 14 1e  6 11  4 20
  716:  8 19  3  f 16 14  4 1e  6 11 10 20
  717:  8 19  3  f 16 1e 14  4  6 11 10 20
  718:  8 19  3  f 1e  4 14 11  6 16 10 20
  719:  8 19  3  f 1e  4 14 16  6 11 10 20
  720:  8 19  3  f 1e 10  4 11  6 16 14 20
  721:  8 19  3  f 1e 10  4 16  6 11 14 20
  722:  8 19  3  f 1e 10 14 11  6 16  4 20
  723:  8 19  3  f 1e 10 14 16  6 11  4 20
  724:  8 19  3  f 1e 10 16  4  6 11 14 20
  725:  8 19  3  f 1e 14  4 11  6 16 10 20
  726:  8 19  3  f 1e 14  4 16  6 11 10 20
  727:  8 19  3  f 1e 14 16  4  6 11 10 20
  728:  8 19  3  f 20  4 14 11  6 16 10 1e
  729:  8 19  3  f 20  4 14 11  6 16 1e 10
  730:  8 19  3  f 20  4 14 16  6 11 10 1e
  731:  8 19  3  f 20  4 14 16  6 11 1e 10
  732:  8 19  3  f 20  4 14 1e  6 11 10 16
  733:  8 19  3  f 20  4 14 1e 16 11 10  6
  734:  8 19  3  f 20  4 16 1e  6 11 14 10
  735:  8 19  3  f 20 10  4 11  6 16 14 1e
  736:  8 19  3  f 20 10  4 16  6 11 14 1e
  737:  8 19  3  f 20 10  4 1e  6 11 14 16
  738:  8 19  3  f 20 10  4 1e 16 11 14  6
  739:  8 19  3  f 20 10 14  4  6 11 1e 16
  740:  8 19  3  f 20 10 14  4 16 11 1e  6
  741:  8 19  3  f 20 10 14 11  6 16  4 1e
  742:  8 19  3  f 20 10 14 11  6 16 1e  4
  743:  8 19  3  f 20 10 14 16  6 11  4 1e
  744:  8 19  3  f 20 10 14 16  6 11 1e  4
  745:  8 19  3  f 20 10 14 1e  6 11  4 16
  746:  8 19  3  f 20 10 14 1e 16 11  4  6
  747:  8 19  3  f 20 10 16  4  6 11 14 1e
  748:  8 19  3  f 20 10 16 1e  6 11 14  4
  749:  8 19  3  f 20 14  4 11  6 16 10 1e
  750:  8 19  3  f 20 14  4 11  6 16 1e 10
  751:  8 19  3  f 20 14  4 16  6 11 10 1e
  752:  8 19  3  f 20 14  4 16  6 11 1e 10
  753:  8 19  3  f 20 14  4 1e  6 11 10 16
  754:  8 19  3  f 20 14  4 1e 16 11 10  6
  755:  8 19  3  f 20 14 16  4  6 11 10 1e
  756:  8 19  3  f 20 14 16  4  6 11 1e 10
  757:  8 19  3  f 20 14 16 1e  6 11  4 10
  758:  8 19  3  f 20 14 16 1e  6 11 10  4
  759:  8 19  3  f 20 1e  4 11  6 16 14 10
  760:  8 19  3  f 20 1e  4 16  6 11 14 10
  761:  8 19  3  f 20 1e 14  4  6 11 10 16
  762:  8 19  3  f 20 1e 14  4 16 11 10  6
  763:  8 19  3  f 20 1e 14 11  6 16  4 10
  764:  8 19  3  f 20 1e 14 11  6 16 10  4
  765:  8 19  3  f 20 1e 14 16  6 11  4 10
  766:  8 19  3  f 20 1e 14 16  6 11 10  4
  767:  8 19  3  f 20 1e 16  4  6 11 14 10
  768:  8 19  4  6  f  3 14 1e 16 11 10 20
  769:  8 19  4  6  f 10 14  3 16 11 1e 20
  770:  8 19  4  6  f 1e 14  3 16 11 10 20
  771:  8 19  4  6 11  3 14 1e  f 16 10 20
  772:  8 19  4  6 11  3 14 1e 16  f 10 20
  773:  8 19  4  6 11 10 14  3  f 16 1e 20
  774:  8 19  4  6 11 10 14  3 16  f 1e 20
  775:  8 19  4  6 11 1e 14  3  f 16 10 20
  776:  8 19  4  6 11 1e 14  3 16  f 10 20
  777:  8 19  4  6 14  3 16 1e  f 11 10 20
  778:  8 19  4  6 14 10 16  3  f 11 1e 20
  779:  8 19  4  6 14 1e 16  3  f 11 10 20
  780:  8 19  4  6 16  3 14 1e  f 11 10 20
  781:  8 19  4  6 16 10 14  3  f 11 1e 20
  782:  8 19  4  6 16 1e 14  3  f 11 10 20
  783:  8 19  4  6 1e  3 14 11  f 16 10 20
  784:  8 19  4  6 1e  3 14 11 16  f 10 20
  785:  8 19  4  6 1e  3 14 16  f 11 10 20
  786:  8 19  4  6 1e 10 16  3  f 11 14 20
  787:  8 19  4  6 1e 14 16  3  f 11 10 20
  788:  8 19  4  6 20  3 14 11  f 16 10 1e
  789:  8 19  4  6 20  3 14 11  f 16 1e 10
  790:  8 19  4  6 20  3 14 11 16  f 10 1e
  791:  8 19  4  6 20  3 14 11 16  f 1e 10
  792:  8 19  4  6 20  3 14 16  f 11 10 1e
  793:  8 19  4  6 20  3 14 16  f 11 1e 10
  794:  8 19  4  6 20  3 14 1e  f 11 10 16
  795:  8 19  4  6 20  3 14 1e 16 11 10  f
  796:  8 19  4  6 20  3 16 1e  f 11 14 10
  797:  8 19  4  6 20 10 14  3  f 11 1e 16
  798:  8 19  4  6 20 10 14  3 16 11 1e  f
  799:  8 19  4  6 20 10 16  3  f 11 14 1e
  800:  8 19  4  6 20 14 16  3  f 11 10 1e
  801:  8 19  4  6 20 14 16  3  f 11 1e 10
  802:  8 19  4  6 20 1e 14  3  f 11 10 16
  803:  8 19  4  6 20 1e 14  3 16 11 10  f
  804:  8 19  4  6 20 1e 16  3  f 11 14 10
  805:  8 19  4  f 11  3 14 1e  6 16 10 20
  806:  8 19  4  f 11 10 14  3  6 16 1e 20
  807:  8 19  4  f 11 1e 14  3  6 16 10 20
  808:  8 19  4  f 14  3 16 1e  6 11 10 20
  809:  8 19  4  f 14 10 16  3  6 11 1e 20
  810:  8 19  4  f 14 1e 16  3  6 11 10 20
  811:  8 19  4  f 16  3 14 1e  6 11 10 20
  812:  8 19  4  f 16 10 14  3  6 11 1e 20
  813:  8 19  4  f 16 1e 14  3  6 11 10 20
  814:  8 19  4  f 1e  3 14 11  6 16 10 20
  815:  8 19  4  f 1e  3 14 16  6 11 10 20
  816:  8 19  4  f 1e 10 16  3  6 11 14 20
  817:  8 19  4  f 1e 14 16  3  6 11 10 20
  818:  8 19  4  f 20  3 14 11  6 16 10 1e
  819:  8 19  4  f 20  3 14 11  6 16 1e 10
  820:  8 19  4  f 20  3 14 16  6 11 10 1e
  821:  8 19  4  f 20  3 14 16  6 11 1e 10
  822:  8 19  4  f 20  3 14 1e  6 11 10 16
  823:  8 19  4  f 20  3 14 1e 16 11 10  6
  824:  8 19  4  f 20  3 16 1e  6 11 14 10
  825:  8 19  4  f 20 10 14  3  6 11 1e 16
  826:  8 19  4  f 20 10 14  3 16 11 1e  6
  827:  8 19  4  f 20 10 16  3  6 11 14 1e
  828:  8 19  4  f 20 14 16  3  6 11 10 1e
  829:  8 19  4  f 20 14 16  3  6 11 1e 10
  830:  8 19  4  f 20 1e 14  3  6 11 10 16
  831:  8 19  4  f 20 1e 14  3 16 11 10  6
  832:  8 19  4  f 20 1e 16  3  6 11 14 10
  833:  8 19  6  4  f  3 14 1e 16 11 10 20
  834:  8 19  6  4  f 10 14  3 16 11 1e 20
  835:  8 19  6  4  f 1e 14  3 16 11 10 20
  836:  8 19  6  4 11  3 14 1e  f 16 10 20
  837:  8 19  6  4 11  3 14 1e 16  f 10 20
  838:  8 19  6  4 11 10 14  3  f 16 1e 20
  839:  8 19  6  4 11 10 14  3 16  f 1e 20
  840:  8 19  6  4 11 1e 14  3  f 16 10 20
  841:  8 19  6  4 11 1e 14  3 16  f 10 20
  842:  8 19  6  4 14  3 16 1e  f 11 10 20
  843:  8 19  6  4 14 10 16  3  f 11 1e 20
  844:  8 19  6  4 14 1e 16  3  f 11 10 20
  845:  8 19  6  4 16  3 14 1e  f 11 10 20
  846:  8 19  6  4 16 10 14  3  f 11 1e 20
  847:  8 19  6  4 16 1e 14  3  f 11 10 20
  848:  8 19  6  4 1e  3 14 11  f 16 10 20
  849:  8 19  6  4 1e  3 14 11 16  f 10 20
  850:  8 19  6  4 1e  3 14 16  f 11 10 20
  851:  8 19  6  4 1e 10 16  3  f 11 14 20
  852:  8 19  6  4 1e 14 16  3  f 11 10 20
  853:  8 19  6  4 20  3 14 11  f 16 10 1e
  854:  8 19  6  4 20  3 14 11  f 16 1e 10
  855:  8 19  6  4 20  3 14 11 16  f 10 1e
  856:  8 19  6  4 20  3 14 11 16  f 1e 10
  857:  8 19  6  4 20  3 14 16  f 11 10 1e
  858:  8 19  6  4 20  3 14 16  f 11 1e 10
  859:  8 19  6  4 20  3 14 1e  f 11 10 16
  860:  8 19  6  4 20  3 14 1e 16 11 10  f
  861:  8 19  6  4 20  3 16 1e  f 11 14 10
  862:  8 19  6  4 20 10 14  3  f 11 1e 16
  863:  8 19  6  4 20 10 14  3 16 11 1e  f
  864:  8 19  6  4 20 10 16  3  f 11 14 1e
  865:  8 19  6  4 20 14 16  3  f 11 10 1e
  866:  8 19  6  4 20 14 16  3  f 11 1e 10
  867:  8 19  6  4 20 1e 14  3  f 11 10 16
  868:  8 19  6  4 20 1e 14  3 16 11 10  f
  869:  8 19  6  4 20 1e 16  3  f 11 14 10
  870:  8 19  6  f 14  3  4 1e 16 11 10 20
  871:  8 19  6  f 14 10  4  3 16 11 1e 20
  872:  8 19  6  f 14 1e  4  3 16 11 10 20
  873:  8 19  6  f 1e  3 14  4 16 11 10 20
  874:  8 19  6  f 1e  4 14  3 16 11 10 20
  875:  8 19  6  f 1e 10  4  3 16 11 14 20
  876:  8 19  6  f 1e 10 14  3 16 11  4 20
  877:  8 19  6  f 1e 14  4  3 16 11 10 20
  878:  8 19  6  f 20  3  4 1e 16 11 14 10
  879:  8 19  6  f 20  3 14  4 16 11 10 1e
  880:  8 19  6  f 20  3 14  4 16 11 1e 10
  881:  8 19  6  f 20  3 14 1e 16 11  4 10
  882:  8 19  6  f 20  3 14 1e 16 11 10  4
  883:  8 19  6  f 20  4 14  3 16 11 10 1e
  884:  8 19  6  f 20  4 14  3 16 11 1e 10
  885:  8 19  6  f 20 10  4  3 16 11 14 1e
  886:  8 19  6  f 20 10 14  3 16 11  4 1e
  887:  8 19  6  f 20 10 14  3 16 11 1e  4
  888:  8 19  6  f 20 14  4  3 16 11 10 1e
  889:  8 19  6  f 20 14  4  3 16 11 1e 10
  890:  8 19  6  f 20 1e  4  3 16 11 14 10
  891:  8 19  6  f 20 1e 14  3 16 11  4 10
  892:  8 19  6  f 20 1e 14  3 16 11 10  4
  893:  8 19 10  4  f  3 14 11  6 16 1e 20
  894:  8 19 10  4  f  3 14 16  6 11 1e 20
  895:  8 19 10  4  f  3 16 1e  6 11 14 20
  896:  8 19 10  4  f 14 16  3  6 11 1e 20
  897:  8 19 10  4  f 1e 16  3  6 11 14 20
  898:  8 19 10  4 11  3 14 16  6  f 1e 20
  899:  8 19 10  4 11  3 16 1e  6  f 14 20
  900:  8 19 10  4 11 14 16  3  6  f 1e 20
  901:  8 19 10  4 11 1e 16  3  6  f 14 20
  902:  8 19 10  4 14  3 16 11  6  f 1e 20
  903:  8 19 10  4 16  3 14 11  6  f 1e 20
  904:  8 19 10  4 1e  3 16 11  6  f 14 20
  905:  8 19 10  4 20  3 14 11  6  f 1e 16
  906:  8 19 10  4 20  3 14 11  6 16 1e  f
  907:  8 19 10  4 20  3 14 11  f 16 1e  6
  908:  8 19 10  4 20  3 14 11 16  f 1e  6
  909:  8 19 10  4 20  3 14 16  6 11 1e  f
  910:  8 19 10  4 20  3 14 16  f 11 1e  6
  911:  8 19 10  4 20  3 16 11  6  f 14 1e
  912:  8 19 10  4 20  3 16 1e  6 11 14  f
  913:  8 19 10  4 20  3 16 1e  f 11 14  6
  914:  8 19 10  4 20 14 16  3  6 11 1e  f
  915:  8 19 10  4 20 14 16  3  f 11 1e  6
  916:  8 19 10  4 20 1e 16  3  6 11 14  f
  917:  8 19 10  4 20 1e 16  3  f 11 14  6
  918:  8 19 10  6  f  3  4 1e 16 11 14 20
  919:  8 19 10  6  f  3 14  4 16 11 1e 20
  920:  8 19 10  6  f  3 14 1e 16 11  4 20
  921:  8 19 10  6  f  4 14  3 16 11 1e 20
  922:  8 19 10  6  f 14  4  3 16 11 1e 20
  923:  8 19 10  6  f 1e  4  3 16 11 14 20
  924:  8 19 10  6  f 1e 14  3 16 11  4 20
  925:  8 19 10  6 11  3  4 1e  f 16 14 20
  926:  8 19 10  6 11  3  4 1e 16  f 14 20
  927:  8 19 10  6 11  3 14  4  f 16 1e 20
  928:  8 19 10  6 11  3 14  4 16  f 1e 20
  929:  8 19 10  6 11  3 14 1e  f 16  4 20
  930:  8 19 10  6 11  3 14 1e 16  f  4 20
  931:  8 19 10  6 11  4 14  3  f 16 1e 20
  932:  8 19 10  6 11  4 14  3 16  f 1e 20
  933:  8 19 10  6 11 14  4  3  f 16 1e 20
  934:  8 19 10  6 11 14  4  3 16  f 1e 20
  935:  8 19 10  6 11 1e  4  3  f 16 14 20
  936:  8 19 10  6 11 1e  4  3 16  f 14 20
  937:  8 19 10  6 11 1e 14  3  f 16  4 20
  938:  8 19 10  6 11 1e 14  3 16  f  4 20
  939:  8 19 10  6 14  3  4 11  f 16 1e 20
  940:  8 19 10  6 14  3  4 11 16  f 1e 20
  941:  8 19 10  6 14  3  4 16  f 11 1e 20
  942:  8 19 10  6 14  3 16  4  f 11 1e 20
  943:  8 19 10  6 14  3 16 1e  f 11  4 20
  944:  8 19 10  6 14  4 16  3  f 11 1e 20
  945:  8 19 10  6 14 1e 16  3  f 11  4 20
  946:  8 19 10  6 16  3  4 1e  f 11 14 20
  947:  8 19 10  6 16  3 14  4  f 11 1e 20
  948:  8 19 10  6 16  3 14 1e  f 11  4 20
  949:  8 19 10  6 16  4 14  3  f 11 1e 20
  950:  8 19 10  6 16 14  4  3  f 11 1e 20
  951:  8 19 10  6 16 1e  4  3  f 11 14 20
  952:  8 19 10  6 16 1e 14  3  f 11  4 20
  953:  8 19 10  6 1e  3  4 11  f 16 14 20
  954:  8 19 10  6 1e  3  4 11 16  f 14 20
  955:  8 19 10  6 1e  3  4 16  f 11 14 20
  956:  8 19 10  6 1e  3 14 11  f 16  4 20
  957:  8 19 10  6 1e  3 14 11 16  f  4 20
  958:  8 19 10  6 1e  3 14 16  f 11  4 20
  959:  8 19 10  6 1e  3 16  4  f 11 14 20
  960:  8 19 10  6 1e  4 16  3  f 11 14 20
  961:  8 19 10  6 1e 14 16  3  f 11  4 20
  962:  8 19 10  6 20  3  4 11  f 16 14 1e
  963:  8 19 10  6 20  3  4 11 16  f 14 1e
  964:  8 19 10  6 20  3  4 16  f 11 14 1e
  965:  8 19 10  6 20  3  4 1e  f 11 14 16
  966:  8 19 10  6 20  3  4 1e 16 11 14  f
  967:  8 19 10  6 20  3 14  4  f 11 1e 16
  968:  8 19 10  6 20  3 14  4 16 11 1e  f
  969:  8 19 10  6 20  3 14 11  f 16  4 1e
  970:  8 19 10  6 20  3 14 11  f 16 1e  4
  971:  8 19 10  6 20  3 14 11 16  f  4 1e
  972:  8 19 10  6 20  3 14 11 16  f 1e  4
  973:  8 19 10  6 20  3 14 16  f 11  4 1e
  974:  8 19 10  6 20  3 14 16  f 11 1e  4
  975:  8 19 10  6 20  3 14 1e  f 11  4 16
  976:  8 19 10  6 20  3 14 1e 16 11  4  f
  977:  8 19 10  6 20  3 16  4  f 11 14 1e
  978:  8 19 10  6 20  3 16 1e  f 11 14  4
  979:  8 19 10  6 20  4 14  3  f 11 1e 16
  980:  8 19 10  6 20  4 14  3 16 11 1e  f
  981:  8 19 10  6 20  4 16  3  f 11 14 1e
  982:  8 19 10  6 20 14  4  3  f 11 1e 16
  983:  8 19 10  6 20 14  4  3 16 11 1e  f
  984:  8 19 10  6 20 14 16  3  f 11  4 1e
  985:  8 19 10  6 20 14 16  3  f 11 1e  4
  986:  8 19 10  6 20 1e  4  3  f 11 14 16
  987:  8 19 10  6 20 1e  4  3 16 11 14  f
  988:  8 19 10  6 20 1e 14  3  f 11  4 16
  989:  8 19 10  6 20 1e 14  3 16 11  4  f
  990:  8 19 10  6 20 1e 16  3  f 11 14  4
  991:  8 19 10  f 11  3  4 1e  6 16 14 20
  992:  8 19 10  f 11  3 14  4  6 16 1e 20
  993:  8 19 10  f 11  3 14 1e  6 16  4 20
  994:  8 19 10  f 11  4 14  3  6 16 1e 20
  995:  8 19 10  f 11 14  4  3  6 16 1e 20
  996:  8 19 10  f 11 1e  4  3  6 16 14 20
  997:  8 19 10  f 11 1e 14  3  6 16  4 20
  998:  8 19 10  f 14  3  4 11  6 16 1e 20
  999:  8 19 10  f 14  3  4 16  6 11 1e 20
 1000:  8 19 10  f 14  3 16  4  6 11 1e 20
 1001:  8 19 10  f 14  3 16 1e  6 11  4 20
 1002:  8 19 10  f 14  4 16  3  6 11 1e 20
 1003:  8 19 10  f 14 1e 16  3  6 11  4 20
 1004:  8 19 10  f 16  3  4 1e  6 11 14 20
 1005:  8 19 10  f 16  3 14  4  6 11 1e 20
 1006:  8 19 10  f 16  3 14 1e  6 11  4 20
 1007:  8 19 10  f 16  4 14  3  6 11 1e 20
 1008:  8 19 10  f 16 14  4  3  6 11 1e 20
 1009:  8 19 10  f 16 1e  4  3  6 11 14 20
 1010:  8 19 10  f 16 1e 14  3  6 11  4 20
 1011:  8 19 10  f 1e  3  4 11  6 16 14 20
 1012:  8 19 10  f 1e  3  4 16  6 11 14 20
 1013:  8 19 10  f 1e  3 14 11  6 16  4 20
 1014:  8 19 10  f 1e  3 14 16  6 11  4 20
 1015:  8 19 10  f 1e  3 16  4  6 11 14 20
 1016:  8 19 10  f 1e  4 16  3  6 11 14 20
 1017:  8 19 10  f 1e 14 16  3  6 11  4 20
 1018:  8 19 10  f 20  3  4 11  6 16 14 1e
 1019:  8 19 10  f 20  3  4 16  6 11 14 1e
 1020:  8 19 10  f 20  3  4 1e  6 11 14 16
 1021:  8 19 10  f 20  3  4 1e 16 11 14  6
 1022:  8 19 10  f 20  3 14  4  6 11 1e 16
 1023:  8 19 10  f 20  3 14  4 16 11 1e  6
 1024:  8 19 10  f 20  3 14 11  6 16  4 1e
 1025:  8 19 10  f 20  3 14 11  6 16 1e  4
 1026:  8 19 10  f 20  3 14 16  6 11  4 1e
 1027:  8 19 10  f 20  3 14 16  6 11 1e  4
 1028:  8 19 10  f 20  3 14 1e  6 11  4 16
 1029:  8 19 10  f 20  3 14 1e 16 11  4  6
 1030:  8 19 10  f 20  3 16  4  6 11 14 1e
 1031:  8 19 10  f 20  3 16 1e  6 11 14  4
 1032:  8 19 10  f 20  4 14  3  6 11 1e 16
 1033:  8 19 10  f 20  4 14  3 16 11 1e  6
 1034:  8 19 10  f 20  4 16  3  6 11 14 1e
 1035:  8 19 10  f 20 14  4  3  6 11 1e 16
 1036:  8 19 10  f 20 14  4  3 16 11 1e  6
 1037:  8 19 10  f 20 14 16  3  6 11  4 1e
 1038:  8 19 10  f 20 14 16  3  6 11 1e  4
 1039:  8 19 10  f 20 1e  4  3  6 11 14 16
 1040:  8 19 10  f 20 1e  4  3 16 11 14  6
 1041:  8 19 10  f 20 1e 14  3  6 11  4 16
 1042:  8 19 10  f 20 1e 14  3 16 11  4  6
 1043:  8 19 10  f 20 1e 16  3  6 11 14  4
 1044:  8 19 16  4  f  3 14 1e  6 11 10 20
 1045:  8 19 16  4  f 10 14  3  6 11 1e 20
 1046:  8 19 16  4  f 1e 14  3  6 11 10 20
 1047:  8 19 16  4 11  3 14 1e  6  f 10 20
 1048:  8 19 16  4 11 10 14  3  6  f 1e 20
 1049:  8 19 16  4 11 1e 14  3  6  f 10 20
 1050:  8 19 16  4 1e  3 14 11  6  f 10 20
 1051:  8 19 16  4 20  3 14 11  6  f 10 1e
 1052:  8 19 16  4 20  3 14 11  6  f 1e 10
 1053:  8 19 16  4 20  3 14 1e  6 11 10  f
 1054:  8 19 16  4 20  3 14 1e  f 11 10  6
 1055:  8 19 16  4 20 10 14  3  6 11 1e  f
 1056:  8 19 16  4 20 10 14  3  f 11 1e  6
 1057:  8 19 16  4 20 1e 14  3  6 11 10  f
 1058:  8 19 16  4 20 1e 14  3  f 11 10  6
 1059:  8 19 16  6 14  3  4 1e  f 11 10 20
 1060:  8 19 16  6 14 10  4  3  f 11 1e 20
 1061:  8 19 16  6 14 1e  4  3  f 11 10 20
 1062:  8 19 16  6 1e  3 14  4  f 11 10 20
 1063:  8 19 16  6 1e  4 14  3  f 11 10 20
 1064:  8 19 16  6 1e 10  4  3  f 11 14 20
 1065:  8 19 16  6 1e 10 14  3  f 11  4 20
 1066:  8 19 16  6 1e 14  4  3  f 11 10 20
 1067:  8 19 16  6 20  3  4 1e  f 11 14 10
 1068:  8 19 16  6 20  3 14  4  f 11 10 1e
 1069:  8 19 16  6 20  3 14  4  f 11 1e 10
 1070:  8 19 16  6 20  3 14 1e  f 11  4 10
 1071:  8 19 16  6 20  3 14 1e  f 11 10  4
 1072:  8 19 16  6 20  4 14  3  f 11 10 1e
 1073:  8 19 16  6 20  4 14  3  f 11 1e 10
 1074:  8 19 16  6 20 10  4  3  f 11 14 1e
 1075:  8 19 16  6 20 10 14  3  f 11  4 1e
 1076:  8 19 16  6 20 10 14  3  f 11 1e  4
 1077:  8 19 16  6 20 14  4  3  f 11 10 1e
 1078:  8 19 16  6 20 14  4  3  f 11 1e 10
 1079:  8 19 16  6 20 1e  4  3  f 11 14 10
 1080:  8 19 16  6 20 1e 14  3  f 11  4 10
 1081:  8 19 16  6 20 1e 14  3  f 11 10  4
 1082:  8 19 16  f 14  3  4 1e  6 11 10 20
 1083:  8 19 16  f 14 10  4  3  6 11 1e 20
 1084:  8 19 16  f 14 1e  4  3  6 11 10 20
 1085:  8 19 16  f 1e  3 14  4  6 11 10 20
 1086:  8 19 16  f 1e  4 14  3  6 11 10 20
 1087:  8 19 16  f 1e 10  4  3  6 11 14 20
 1088:  8 19 16  f 1e 10 14  3  6 11  4 20
 1089:  8 19 16  f 1e 14  4  3  6 11 10 20
 1090:  8 19 16  f 20  3  4 1e  6 11 14 10
 1091:  8 19 16  f 20  3 14  4  6 11 10 1e
 1092:  8 19 16  f 20  3 14  4  6 11 1e 10
 1093:  8 19 16  f 20  3 14 1e  6 11  4 10
 1094:  8 19 16  f 20  3 14 1e  6 11 10  4
 1095:  8 19 16  f 20  4 14  3  6 11 10 1e
 1096:  8 19 16  f 20  4 14  3  6 11 1e 10
 1097:  8 19 16  f 20 10  4  3  6 11 14 1e
 1098:  8 19 16  f 20 10 14  3  6 11  4 1e
 1099:  8 19 16  f 20 10 14  3  6 11 1e  4
 1100:  8 19 16  f 20 14  4  3  6 11 10 1e
 1101:  8 19 16  f 20 14  4  3  6 11 1e 10
 1102:  8 19 16  f 20 1e  4  3  6 11 14 10
 1103:  8 19 16  f 20 1e 14  3  6 11  4 10
 1104:  8 19 16  f 20 1e 14  3  6 11 10  4
 1105: 10 14 19  4  8  3 16 11  6  f 1e 20
 1106: 10 14 19  6  8  3  4 11  f 16 1e 20
 1107: 10 14 19  6  8  3  4 11 16  f 1e 20
 1108: 10 14 19  6  8  3  4 16  f 11 1e 20
 1109: 10 14 19  6  8  3 16  4  f 11 1e 20
 1110: 10 14 19  6  8  3 16 1e  f 11  4 20
 1111: 10 14 19  6  8  4 16  3  f 11 1e 20
 1112: 10 14 19  6  8 1e 16  3  f 11  4 20
 1113: 10 14 19  8  f  3  4 11  6 16 1e 20
 1114: 10 14 19  8  f  3  4 16  6 11 1e 20
 1115: 10 14 19  8  f  3 16  4  6 11 1e 20
 1116: 10 14 19  8  f  3 16 1e  6 11  4 20
 1117: 10 14 19  8  f  4 16  3  6 11 1e 20
 1118: 10 14 19  8  f 1e 16  3  6 11  4 20
 1119: 10 14 19  8 11  3  4 16  6  f 1e 20
 1120: 10 14 19  8 11  3 16  4  6  f 1e 20
 1121: 10 14 19  8 11  3 16 1e  6  f  4 20
 1122: 10 14 19  8 11  4 16  3  6  f 1e 20
 1123: 10 14 19  8 11 1e 16  3  6  f  4 20
 1124: 10 14 19  8 16  3  4 11  6  f 1e 20
 1125: 10 14 19  8 1e  3 16 11  6  f  4 20
 1126: 10 14 19  8 20  3  4 11  6  f 1e 16
 1127: 10 14 19  8 20  3  4 11  6 16 1e  f
 1128: 10 14 19  8 20  3  4 11  f 16 1e  6
 1129: 10 14 19  8 20  3  4 11 16  f 1e  6
 1130: 10 14 19  8 20  3  4 16  6 11 1e  f
 1131: 10 14 19  8 20  3  4 16  f 11 1e  6
 1132: 10 14 19  8 20  3 16  4  6 11 1e  f
 1133: 10 14 19  8 20  3 16  4  f 11 1e  6
 1134: 10 14 19  8 20  3 16 11  6  f  4 1e
 1135: 10 14 19  8 20  3 16 11  6  f 1e  4
 1136: 10 14 19  8 20  3 16 1e  6 11  4  f
 1137: 10 14 19  8 20  3 16 1e  f 11  4  6
 1138: 10 14 19  8 20  4 16  3  6 11 1e  f
 1139: 10 14 19  8 20  4 16  3  f 11 1e  6
 1140: 10 14 19  8 20 1e 16  3  6 11  4  f
 1141: 10 14 19  8 20 1e 16  3  f 11  4  6
 1142: 10 14 19  f  8  3  4 11  6 16 1e 20
 1143: 10 14 19  f  8  3  4 16  6 11 1e 20
 1144: 10 14 19  f  8  3 16  4  6 11 1e 20
 1145: 10 14 19  f  8  3 16 1e  6 11  4 20
 1146: 10 14 19  f  8  4 16  3  6 11 1e 20
 1147: 10 14 19  f  8 1e 16  3  6 11  4 20
 1148: 10 19  3  4  8 14 16 11  6  f 1e 20
 1149: 10 19  3  4  8 1e 16 11  6  f 14 20
 1150: 10 19  3  6  8  4 14 11  f 16 1e 20
 1151: 10 19  3  6  8  4 14 11 16  f 1e 20
 1152: 10 19  3  6  8  4 14 16  f 11 1e 20
 1153: 10 19  3  6  8  4 16 1e  f 11 14 20
 1154: 10 19  3  6  8 14  4 11  f 16 1e 20
 1155: 10 19  3  6  8 14  4 11 16  f 1e 20
 1156: 10 19  3  6  8 14  4 16  f 11 1e 20
 1157: 10 19  3  6  8 14 16  4  f 11 1e 20
 1158: 10 19  3  6  8 14 16 1e  f 11  4 20
 1159: 10 19  3  6  8 1e  4 11  f 16 14 20
 1160: 10 19  3  6  8 1e  4 11 16  f 14 20
 1161: 10 19  3  6  8 1e  4 16  f 11 14 20
 1162: 10 19  3  6  8 1e 14 11  f 16  4 20
 1163: 10 19  3  6  8 1e 14 11 16  f  4 20
 1164: 10 19  3  6  8 1e 14 16  f 11  4 20
 1165: 10 19  3  6  8 1e 16  4  f 11 14 20
 1166: 10 19  3  8  f  4 14 11  6 16 1e 20
 1167: 10 19  3  8  f  4 14 16  6 11 1e 20
 1168: 10 19  3  8  f  4 16 1e  6 11 14 20
 1169: 10 19  3  8  f 14  4 11  6 16 1e 20
 1170: 10 19  3  8  f 14  4 16  6 11 1e 20
 1171: 10 19  3  8  f 14 16  4  6 11 1e 20
 1172: 10 19  3  8  f 14 16 1e  6 11  4 20
 1173: 10 19  3  8  f 1e  4 11  6 16 14 20
 1174: 10 19  3  8  f 1e  4 16  6 11 14 20
 1175: 10 19  3  8  f 1e 14 11  6 16  4 20
 1176: 10 19  3  8  f 1e 14 16  6 11  4 20
 1177: 10 19  3  8  f 1e 16  4  6 11 14 20
 1178: 10 19  3  8 11  4 14 16  6  f 1e 20
 1179: 10 19  3  8 11  4 16 1e  6  f 14 20
 1180: 10 19  3  8 11 14  4 16  6  f 1e 20
 1181: 10 19  3  8 11 14 16  4  6  f 1e 20
 1182: 10 19  3  8 11 14 16 1e  6  f  4 20
 1183: 10 19  3  8 11 1e  4 16  6  f 14 20
 1184: 10 19  3  8 11 1e 14 16  6  f  4 20
 1185: 10 19  3  8 11 1e 16  4  6  f 14 20
 1186: 10 19  3  8 14  4 16 11  6  f 1e 20
 1187: 10 19  3  8 14 1e 16 11  6  f  4 20
 1188: 10 19  3  8 16  4 14 11  6  f 1e 20
 1189: 10 19  3  8 16 14  4 11  6  f 1e 20
 1190: 10 19  3  8 16 1e  4 11  6  f 14 20
 1191: 10 19  3  8 16 1e 14 11  6  f  4 20
 1192: 10 19  3  8 1e  4 16 11  6  f 14 20
 1193: 10 19  3  8 1e 14 16 11  6  f  4 20
 1194: 10 19  3  8 20  4 14 11  6  f 1e 16
 1195: 10 19  3  8 20  4 14 11  6 16 1e  f
 1196: 10 19  3  8 20  4 14 11  f 16 1e  6
 1197: 10 19  3  8 20  4 14 11 16  f 1e  6
 1198: 10 19  3  8 20  4 14 16  6 11 1e  f
 1199: 10 19  3  8 20  4 14 16  f 11 1e  6
 1200: 10 19  3  8 20  4 16 11  6  f 14 1e
 1201: 10 19  3  8 20  4 16 1e  6 11 14  f
 1202: 10 19  3  8 20  4 16 1e  f 11 14  6
 1203: 10 19  3  8 20 14  4 11  6  f 1e 16
 1204: 10 19  3  8 20 14  4 11  6 16 1e  f
 1205: 10 19  3  8 20 14  4 11  f 16 1e  6
 1206: 10 19  3  8 20 14  4 11 16  f 1e  6
 1207: 10 19  3  8 20 14  4 16  6 11 1e  f
 1208: 10 19  3  8 20 14  4 16  f 11 1e  6
 1209: 10 19  3  8 20 14 16  4  6 11 1e  f
 1210: 10 19  3  8 20 14 16  4  f 11 1e  6
 1211: 10 19  3  8 20 14 16 11  6  f  4 1e
 1212: 10 19  3  8 20 14 16 11  6  f 1e  4
 1213: 10 19  3  8 20 14 16 1e  6 11  4  f
 1214: 10 19  3  8 20 14 16 1e  f 11  4  6
 1215: 10 19  3  8 20 1e  4 11  6  f 14 16
 1216: 10 19  3  8 20 1e  4 11  6 16 14  f
 1217: 10 19  3  8 20 1e  4 11  f 16 14  6
 1218: 10 19  3  8 20 1e  4 11 16  f 14  6
 1219: 10 19  3  8 20 1e  4 16  6 11 14  f
 1220: 10 19  3  8 20 1e  4 16  f 11 14  6
 1221: 10 19  3  8 20 1e 14 11  6  f  4 16
 1222: 10 19  3  8 20 1e 14 11  6 16  4  f
 1223: 10 19  3  8 20 1e 14 11  f 16  4  6
 1224: 10 19  3  8 20 1e 14 11 16  f  4  6
 1225: 10 19  3  8 20 1e 14 16  6 11  4  f
 1226: 10 19  3  8 20 1e 14 16  f 11  4  6
 1227: 10 19  3  8 20 1e 16  4  6 11 14  f
 1228: 10 19  3  8 20 1e 16  4  f 11 14  6
 1229: 10 19  3  8 20 1e 16 11  6  f 14  4
 1230: 10 19  3  f  8  4 14 11  6 16 1e 20
 1231: 10 19  3  f  8  4 14 16  6 11 1e 20
 1232: 10 19  3  f  8  4 16 1e  6 11 14 20
 1233: 10 19  3  f  8 14  4 11  6 16 1e 20
 1234: 10 19  3  f  8 14  4 16  6 11 1e 20
 1235: 10 19  3  f  8 14 16  4  6 11 1e 20
 1236: 10 19  3  f  8 14 16 1e  6 11  4 20
 1237: 10 19  3  f  8 1e  4 11  6 16 14 20
 1238: 10 19  3  f  8 1e  4 16  6 11 14 20
 1239: 10 19  3  f  8 1e 14 11  6 16  4 20
 1240: 10 19  3  f  8 1e 14 16  6 11  4 20
 1241: 10 19  3  f  8 1e 16  4  6 11 14 20
 1242: 10 19  4  6  8  3 14 11  f 16 1e 20
 1243: 10 19  4  6  8  3 14 11 16  f 1e 20
 1244: 10 19  4  6  8  3 14 16  f 11 1e 20
 1245: 10 19  4  6  8  3 16 1e  f 11 14 20
 1246: 10 19  4  6  8 14 16  3  f 11 1e 20
 1247: 10 19  4  6  8 1e 16  3  f 11 14 20
 1248: 10 19  4  8  f  3 14 11  6 16 1e 20
 1249: 10 19  4  8  f  3 14 16  6 11 1e 20
 1250: 10 19  4  8  f  3 16 1e  6 11 14 20
 1251: 10 19  4  8  f 14 16  3  6 11 1e 20
 1252: 10 19  4  8  f 1e 16  3  6 11 14 20
 1253: 10 19  4  8 11  3 14 16  6  f 1e 20
 1254: 10 19  4  8 11  3 16 1e  6  f 14 20
 1255: 10 19  4  8 11 14 16  3  6  f 1e 20
 1256: 10 19  4  8 11 1e 16  3  6  f 14 20
 1257: 10 19  4  8 14  3 16 11  6  f 1e 20
 1258: 10 19  4  8 16  3 14 11  6  f 1e 20
 1259: 10 19  4  8 1e  3 16 11  6  f 14 20
 1260: 10 19  4  8 20  3 14 11  6  f 1e 16
 1261: 10 19  4  8 20  3 14 11  6 16 1e  f
 1262: 10 19  4  8 20  3 14 11  f 16 1e  6
 1263: 10 19  4  8 20  3 14 11 16  f 1e  6
 1264: 10 19  4  8 20  3 14 16  6 11 1e  f
 1265: 10 19  4  8 20  3 14 16  f 11 1e  6
 1266: 10 19  4  8 20  3 16 11  6  f 14 1e
 1267: 10 19  4  8 20  3 16 1e  6 11 14  f
 1268: 10 19  4  8 20  3 16 1e  f 11 14  6
 1269: 10 19  4  8 20 14 16  3  6 11 1e  f
 1270: 10 19  4  8 20 14 16  3  f 11 1e  6
 1271: 10 19  4  8 20 1e 16  3  6 11 14  f
 1272: 10 19  4  8 20 1e 16  3  f 11 14  6
 1273: 10 19  4  f  8  3 14 11  6 16 1e 20
 1274: 10 19  4  f  8  3 14 16  6 11 1e 20
 1275: 10 19  4  f  8  3 16 1e  6 11 14 20
 1276: 10 19  4  f  8 14 16  3  6 11 1e 20
 1277: 10 19  4  f  8 1e 16  3  6 11 14 20
 1278: 10 19  6  4  8  3 14 11  f 16 1e 20
 1279: 10 19  6  4  8  3 14 11 16  f 1e 20
 1280: 10 19  6  4  8  3 14 16  f 11 1e 20
 1281: 10 19  6  4  8  3 16 1e  f 11 14 20
 1282: 10 19  6  4  8 14 16  3  f 11 1e 20
 1283: 10 19  6  4  8 1e 16  3  f 11 14 20
 1284: 10 19  6  8  f  3  4 1e 16 11 14 20
 1285: 10 19  6  8  f  3 14  4 16 11 1e 20
 1286: 10 19  6  8  f  3 14 1e 16 11  4 20
 1287: 10 19  6  8  f  4 14  3 16 11 1e 20
 1288: 10 19  6  8  f 14  4  3 16 11 1e 20
 1289: 10 19  6  8  f 1e  4  3 16 11 14 20
 1290: 10 19  6  8  f 1e 14  3 16 11  4 20
 1291: 10 19  6  8 11  3  4 1e  f 16 14 20
 1292: 10 19  6  8 11  3  4 1e 16  f 14 20
 1293: 10 19  6  8 11  3 14  4  f 16 1e 20
 1294: 10 19  6  8 11  3 14  4 16  f 1e 20
 1295: 10 19  6  8 11  3 14 1e  f 16  4 20
 1296: 10 19  6  8 11  3 14 1e 16  f  4 20
 1297: 10 19  6  8 11  4 14  3  f 16 1e 20
 1298: 10 19  6  8 11  4 14  3 16  f 1e 20
 1299: 10 19  6  8 11 14  4  3  f 16 1e 20
 1300: 10 19  6  8 11 14  4  3 16  f 1e 20
 1301: 10 19  6  8 11 1e  4  3  f 16 14 20
 1302: 10 19  6  8 11 1e  4  3 16  f 14 20
 1303: 10 19  6  8 11 1e 14  3  f 16  4 20
 1304: 10 19  6  8 11 1e 14  3 16  f  4 20
 1305: 10 19  6  8 14  3  4 11  f 16 1e 20
 1306: 10 19  6  8 14  3  4 11 16  f 1e 20
 1307: 10 19  6  8 14  3  4 16  f 11 1e 20
 1308: 10 19  6  8 14  3 16  4  f 11 1e 20
 1309: 10 19  6  8 14  3 16 1e  f 11  4 20
 1310: 10 19  6  8 14  4 16  3  f 11 1e 20
 1311: 10 19  6  8 14 1e 16  3  f 11  4 20
 1312: 10 19  6  8 16  3  4 1e  f 11 14 20
 1313: 10 19  6  8 16  3 14  4  f 11 1e 20
 1314: 10 19  6  8 16  3 14 1e  f 11  4 20
 1315: 10 19  6  8 16  4 14  3  f 11 1e 20
 1316: 10 19  6  8 16 14  4  3  f 11 1e 20
 1317: 10 19  6  8 16 1e  4  3  f 11 14 20
 1318: 10 19  6  8 16 1e 14  3  f 11  4 20
 1319: 10 19  6  8 1e  3  4 11  f 16 14 20
 1320: 10 19  6  8 1e  3  4 11 16  f 14 20
 1321: 10 19  6  8 1e  3  4 16  f 11 14 20
 1322: 10 19  6  8 1e  3 14 11  f 16  4 20
 1323: 10 19  6  8 1e  3 14 11 16  f  4 20
 1324: 10 19  6  8 1e  3 14 16  f 11  4 20
 1325: 10 19  6  8 1e  3 16  4  f 11 14 20
 1326: 10 19  6  8 1e  4 16  3  f 11 14 20
 1327: 10 19  6  8 1e 14 16  3  f 11  4 20
 1328: 10 19  6  8 20  3  4 11  f 16 14 1e
 1329: 10 19  6  8 20  3  4 11 16  f 14 1e
 1330: 10 19  6  8 20  3  4 16  f 11 14 1e
 1331: 10 19  6  8 20  3  4 1e  f 11 14 16
 1332: 10 19  6  8 20  3  4 1e 16 11 14  f
 1333: 10 19  6  8 20  3 14  4  f 11 1e 16
 1334: 10 19  6  8 20  3 14  4 16 11 1e  f
 1335: 10 19  6  8 20  3 14 11  f 16  4 1e
 1336: 10 19  6  8 20  3 14 11  f 16 1e  4
 1337: 10 19  6  8 20  3 14 11 16  f  4 1e
 1338: 10 19  6  8 20  3 14 11 16  f 1e  4
 1339: 10 19  6  8 20  3 14 16  f 11  4 1e
 1340: 10 19  6  8 20  3 14 16  f 11 1e  4
 1341: 10 19  6  8 20  3 14 1e  f 11  4 16
 1342: 10 19  6  8 20  3 14 1e 16 11  4  f
 1343: 10 19  6  8 20  3 16  4  f 11 14 1e
 1344: 10 19  6  8 20  3 16 1e  f 11 14  4
 1345: 10 19  6  8 20  4 14  3  f 11 1e 16
 1346: 10 19  6  8 20  4 14  3 16 11 1e  f
 1347: 10 19  6  8 20  4 16  3  f 11 14 1e
 1348: 10 19  6  8 20 14  4  3  f 11 1e 16
 1349: 10 19  6  8 20 14  4  3 16 11 1e  f
 1350: 10 19  6  8 20 14 16  3  f 11  4 1e
 1351: 10 19  6  8 20 14 16  3  f 11 1e  4
 1352: 10 19  6  8 20 1e  4  3  f 11 14 16
 1353: 10 19  6  8 20 1e  4  3 16 11 14  f
 1354: 10 19  6  8 20 1e 14  3  f 11  4 16
 1355: 10 19  6  8 20 1e 14  3 16 11  4  f
 1356: 10 19  6  8 20 1e 16  3  f 11 14  4
 1357: 10 19  6  f  8  3  4 1e 16 11 14 20
 1358: 10 19  6  f  8  3 14  4 16 11 1e 20
 1359: 10 19  6  f  8  3 14 1e 16 11  4 20
 1360: 10 19  6  f  8  4 14  3 16 11 1e 20
 1361: 10 19  6  f  8 14  4  3 16 11 1e 20
 1362: 10 19  6  f  8 1e  4  3 16 11 14 20
 1363: 10 19  6  f  8 1e 14  3 16 11  4 20
 1364: 10 19 16  4  8  3 14 11  6  f 1e 20
 1365: 10 19 16  6  8  3  4 1e  f 11 14 20
 1366: 10 19 16  6  8  3 14  4  f 11 1e 20
 1367: 10 19 16  6  8  3 14 1e  f 11  4 20
 1368: 10 19 16  6  8  4 14  3  f 11 1e 20
 1369: 10 19 16  6  8 14  4  3  f 11 1e 20
 1370: 10 19 16  6  8 1e  4  3  f 11 14 20
 1371: 10 19 16  6  8 1e 14  3  f 11  4 20
 1372: 10 19 16  8  f  3  4 1e  6 11 14 20
 1373: 10 19 16  8  f  3 14  4  6 11 1e 20
 1374: 10 19 16  8  f  3 14 1e  6 11  4 20
 1375: 10 19 16  8  f  4 14  3  6 11 1e 20
 1376: 10 19 16  8  f 14  4  3  6 11 1e 20
 1377: 10 19 16  8  f 1e  4  3  6 11 14 20
 1378: 10 19 16  8  f 1e 14  3  6 11  4 20
 1379: 10 19 16  8 11  3  4 1e  6  f 14 20
 1380: 10 19 16  8 11  3 14  4  6  f 1e 20
 1381: 10 19 16  8 11  3 14 1e  6  f  4 20
 1382: 10 19 16  8 11  4 14  3  6  f 1e 20
 1383: 10 19 16  8 11 14  4  3  6  f 1e 20
 1384: 10 19 16  8 11 1e  4  3  6  f 14 20
 1385: 10 19 16  8 11 1e 14  3  6  f  4 20
 1386: 10 19 16  8 14  3  4 11  6  f 1e 20
 1387: 10 19 16  8 1e  3  4 11  6  f 14 20
 1388: 10 19 16  8 1e  3 14 11  6  f  4 20
 1389: 10 19 16  8 20  3  4 11  6  f 14 1e
 1390: 10 19 16  8 20  3  4 1e  6 11 14  f
 1391: 10 19 16  8 20  3  4 1e  f 11 14  6
 1392: 10 19 16  8 20  3 14  4  6 11 1e  f
 1393: 10 19 16  8 20  3 14  4  f 11 1e  6
 1394: 10 19 16  8 20  3 14 11  6  f  4 1e
 1395: 10 19 16  8 20  3 14 11  6  f 1e  4
 1396: 10 19 16  8 20  3 14 1e  6 11  4  f
 1397: 10 19 16  8 20  3 14 1e  f 11  4  6
 1398: 10 19 16  8 20  4 14  3  6 11 1e  f
 1399: 10 19 16  8 20  4 14  3  f 11 1e  6
 1400: 10 19 16  8 20 14  4  3  6 11 1e  f
 1401: 10 19 16  8 20 14  4  3  f 11 1e  6
 1402: 10 19 16  8 20 1e  4  3  6 11 14  f
 1403: 10 19 16  8 20 1e  4  3  f 11 14  6
 1404: 10 19 16  8 20 1e 14  3  6 11  4  f
 1405: 10 19 16  8 20 1e 14  3  f 11  4  6
 1406: 10 19 16  f  8  3  4 1e  6 11 14 20
 1407: 10 19 16  f  8  3 14  4  6 11 1e 20
 1408: 10 19 16  f  8  3 14 1e  6 11  4 20
 1409: 10 19 16  f  8  4 14  3  6 11 1e 20
 1410: 10 19 16  f  8 14  4  3  6 11 1e 20
 1411: 10 19 16  f  8 1e  4  3  6 11 14 20
 1412: 10 19 16  f  8 1e 14  3  6 11  4 20
 1413: 16 14 19  6  8  3  4 1e  f 11 10 20
 1414: 16 14 19  6  8 10  4  3  f 11 1e 20
 1415: 16 14 19  6  8 1e  4  3  f 11 10 20
 1416: 16 14 19  8  f  3  4 1e  6 11 10 20
 1417: 16 14 19  8  f 10  4  3  6 11 1e 20
 1418: 16 14 19  8  f 1e  4  3  6 11 10 20
 1419: 16 14 19  8 11  3  4 1e  6  f 10 20
 1420: 16 14 19  8 11 10  4  3  6  f 1e 20
 1421: 16 14 19  8 11 1e  4  3  6  f 10 20
 1422: 16 14 19  8 1e  3  4 11  6  f 10 20
 1423: 16 14 19  8 20  3  4 11  6  f 10 1e
 1424: 16 14 19  8 20  3  4 11  6  f 1e 10
 1425: 16 14 19  8 20  3  4 1e  6 11 10  f
 1426: 16 14 19  8 20  3  4 1e  f 11 10  6
 1427: 16 14 19  8 20 10  4  3  6 11 1e  f
 1428: 16 14 19  8 20 10  4  3  f 11 1e  6
 1429: 16 14 19  8 20 1e  4  3  6 11 10  f
 1430: 16 14 19  8 20 1e  4  3  f 11 10  6
 1431: 16 14 19  f  8  3  4 1e  6 11 10 20
 1432: 16 14 19  f  8 10  4  3  6 11 1e 20
 1433: 16 14 19  f  8 1e  4  3  6 11 10 20
 1434: 16 19  3  4  8 10 14 11  6  f 1e 20
 1435: 16 19  3  4  8 1e 14 11  6  f 10 20
 1436: 16 19  3  6  8  4 14 1e  f 11 10 20
 1437: 16 19  3  6  8 10  4 1e  f 11 14 20
 1438: 16 19  3  6  8 10 14  4  f 11 1e 20
 1439: 16 19  3  6  8 10 14 1e  f 11  4 20
 1440: 16 19  3  6  8 14  4 1e  f 11 10 20
 1441: 16 19  3  6  8 1e 14  4  f 11 10 20
 1442: 16 19  3  8  f  4 14 1e  6 11 10 20
 1443: 16 19  3  8  f 10  4 1e  6 11 14 20
 1444: 16 19  3  8  f 10 14  4  6 11 1e 20
 1445: 16 19  3  8  f 10 14 1e  6 11  4 20
 1446: 16 19  3  8  f 14  4 1e  6 11 10 20
 1447: 16 19  3  8  f 1e 14  4  6 11 10 20
 1448: 16 19  3  8 11  4 14 1e  6  f 10 20
 1449: 16 19  3  8 11 10  4 1e  6  f 14 20
 1450: 16 19  3  8 11 10 14  4  6  f 1e 20
 1451: 16 19  3  8 11 10 14 1e  6  f  4 20
 1452: 16 19  3  8 11 14  4 1e  6  f 10 20
 1453: 16 19  3  8 11 1e 14  4  6  f 10 20
 1454: 16 19  3  8 14 10  4 11  6  f 1e 20
 1455: 16 19  3  8 14 1e  4 11  6  f 10 20
 1456: 16 19  3  8 1e  4 14 11  6  f 10 20
 1457: 16 19  3  8 1e 10  4 11  6  f 14 20
 1458: 16 19  3  8 1e 10 14 11  6  f  4 20
 1459: 16 19  3  8 1e 14  4 11  6  f 10 20
 1460: 16 19  3  8 20  4 14 11  6  f 10 1e
 1461: 16 19  3  8 20  4 14 11  6  f 1e 10
 1462: 16 19  3  8 20  4 14 1e  6 11 10  f
 1463: 16 19  3  8 20  4 14 1e  f 11 10  6
 1464: 16 19  3  8 20 10  4 11  6  f 14 1e
 1465: 16 19  3  8 20 10  4 1e  6 11 14  f
 1466: 16 19  3  8 20 10  4 1e  f 11 14  6
 1467: 16 19  3  8 20 10 14  4  6 11 1e  f
 1468: 16 19  3  8 20 10 14  4  f 11 1e  6
 1469: 16 19  3  8 20 10 14 11  6  f  4 1e
 1470: 16 19  3  8 20 10 14 11  6  f 1e  4
 1471: 16 19  3  8 20 10 14 1e  6 11  4  f
 1472: 16 19  3  8 20 10 14 1e  f 11  4  6
 1473: 16 19  3  8 20 14  4 11  6  f 10 1e
 1474: 16 19  3  8 20 14  4 11  6  f 1e 10
 1475: 16 19  3  8 20 14  4 1e  6 11 10  f
 1476: 16 19  3  8 20 14  4 1e  f 11 10  6
 1477: 16 19  3  8 20 1e  4 11  6  f 14 10
 1478: 16 19  3  8 20 1e 14  4  6 11 10  f
 1479: 16 19  3  8 20 1e 14  4  f 11 10  6
 1480: 16 19  3  8 20 1e 14 11  6  f  4 10
 1481: 16 19  3  8 20 1e 14 11  6  f 10  4
 1482: 16 19  3  f  8  4 14 1e  6 11 10 20
 1483: 16 19  3  f  8 10  4 1e  6 11 14 20
 1484: 16 19  3  f  8 10 14  4  6 11 1e 20
 1485: 16 19  3  f  8 10 14 1e  6 11  4 20
 1486: 16 19  3  f  8 14  4 1e  6 11 10 20
 1487: 16 19  3  f  8 1e 14  4  6 11 10 20
 1488: 16 19  4  6  8  3 14 1e  f 11 10 20
 1489: 16 19  4  6  8 10 14  3  f 11 1e 20
 1490: 16 19  4  6  8 1e 14  3  f 11 10 20
 1491: 16 19  4  8  f  3 14 1e  6 11 10 20
 1492: 16 19  4  8  f 10 14  3  6 11 1e 20
 1493: 16 19  4  8  f 1e 14  3  6 11 10 20
 1494: 16 19  4  8 11  3 14 1e  6  f 10 20
 1495: 16 19  4  8 11 10 14  3  6  f 1e 20
 1496: 16 19  4  8 11 1e 14  3  6  f 10 20
 1497: 16 19  4  8 1e  3 14 11  6  f 10 20
 1498: 16 19  4  8 20  3 14 11  6  f 10 1e
 1499: 16 19  4  8 20  3 14 11  6  f 1e 10
 1500: 16 19  4  8 20  3 14 1e  6 11 10  f
 1501: 16 19  4  8 20  3 14 1e  f 11 10  6
 1502: 16 19  4  8 20 10 14  3  6 11 1e  f
 1503: 16 19  4  8 20 10 14  3  f 11 1e  6
 1504: 16 19  4  8 20 1e 14  3  6 11 10  f
 1505: 16 19  4  8 20 1e 14  3  f 11 10  6
 1506: 16 19  4  f  8  3 14 1e  6 11 10 20
 1507: 16 19  4  f  8 10 14  3  6 11 1e 20
 1508: 16 19  4  f  8 1e 14  3  6 11 10 20
 1509: 16 19  6  4  8  3 14 1e  f 11 10 20
 1510: 16 19  6  4  8 10 14  3  f 11 1e 20
 1511: 16 19  6  4  8 1e 14  3  f 11 10 20
 1512: 16 19  6  8 14  3  4 1e  f 11 10 20
 1513: 16 19  6  8 14 10  4  3  f 11 1e 20
 1514: 16 19  6  8 14 1e  4  3  f 11 10 20
 1515: 16 19  6  8 1e  3 14  4  f 11 10 20
 1516: 16 19  6  8 1e  4 14  3  f 11 10 20
 1517: 16 19  6  8 1e 10  4  3  f 11 14 20
 1518: 16 19  6  8 1e 10 14  3  f 11  4 20
 1519: 16 19  6  8 1e 14  4  3  f 11 10 20
 1520: 16 19  6  8 20  3  4 1e  f 11 14 10
 1521: 16 19  6  8 20  3 14  4  f 11 10 1e
 1522: 16 19  6  8 20  3 14  4  f 11 1e 10
 1523: 16 19  6  8 20  3 14 1e  f 11  4 10
 1524: 16 19  6  8 20  3 14 1e  f 11 10  4
 1525: 16 19  6  8 20  4 14  3  f 11 10 1e
 1526: 16 19  6  8 20  4 14  3  f 11 1e 10
 1527: 16 19  6  8 20 10  4  3  f 11 14 1e
 1528: 16 19  6  8 20 10 14  3  f 11  4 1e
 1529: 16 19  6  8 20 10 14  3  f 11 1e  4
 1530: 16 19  6  8 20 14  4  3  f 11 10 1e
 1531: 16 19  6  8 20 14  4  3  f 11 1e 10
 1532: 16 19  6  8 20 1e  4  3  f 11 14 10
 1533: 16 19  6  8 20 1e 14  3  f 11  4 10
 1534: 16 19  6  8 20 1e 14  3  f 11 10  4
 1535: 16 19 10  4  8  3 14 11  6  f 1e 20
 1536: 16 19 10  6  8  3  4 1e  f 11 14 20
 1537: 16 19 10  6  8  3 14  4  f 11 1e 20
 1538: 16 19 10  6  8  3 14 1e  f 11  4 20
 1539: 16 19 10  6  8  4 14  3  f 11 1e 20
 1540: 16 19 10  6  8 14  4  3  f 11 1e 20
 1541: 16 19 10  6  8 1e  4  3  f 11 14 20
 1542: 16 19 10  6  8 1e 14  3  f 11  4 20
 1543: 16 19 10  8  f  3  4 1e  6 11 14 20
 1544: 16 19 10  8  f  3 14  4  6 11 1e 20
 1545: 16 19 10  8  f  3 14 1e  6 11  4 20
 1546: 16 19 10  8  f  4 14  3  6 11 1e 20
 1547: 16 19 10  8  f 14  4  3  6 11 1e 20
 1548: 16 19 10  8  f 1e  4  3  6 11 14 20
 1549: 16 19 10  8  f 1e 14  3  6 11  4 20
 1550: 16 19 10  8 11  3  4 1e  6  f 14 20
 1551: 16 19 10  8 11  3 14  4  6  f 1e 20
 1552: 16 19 10  8 11  3 14 1e  6  f  4 20
 1553: 16 19 10  8 11  4 14  3  6  f 1e 20
 1554: 16 19 10  8 11 14  4  3  6  f 1e 20
 1555: 16 19 10  8 11 1e  4  3  6  f 14 20
 1556: 16 19 10  8 11 1e 14  3  6  f  4 20
 1557: 16 19 10  8 14  3  4 11  6  f 1e 20
 1558: 16 19 10  8 1e  3  4 11  6  f 14 20
 1559: 16 19 10  8 1e  3 14 11  6  f  4 20
 1560: 16 19 10  8 20  3  4 11  6  f 14 1e
 1561: 16 19 10  8 20  3  4 1e  6 11 14  f
 1562: 16 19 10  8 20  3  4 1e  f 11 14  6
 1563: 16 19 10  8 20  3 14  4  6 11 1e  f
 1564: 16 19 10  8 20  3 14  4  f 11 1e  6
 1565: 16 19 10  8 20  3 14 11  6  f  4 1e
 1566: 16 19 10  8 20  3 14 11  6  f 1e  4
 1567: 16 19 10  8 20  3 14 1e  6 11  4  f
 1568: 16 19 10  8 20  3 14 1e  f 11  4  6
 1569: 16 19 10  8 20  4 14  3  6 11 1e  f
 1570: 16 19 10  8 20  4 14  3  f 11 1e  6
 1571: 16 19 10  8 20 14  4  3  6 11 1e  f
 1572: 16 19 10  8 20 14  4  3  f 11 1e  6
 1573: 16 19 10  8 20 1e  4  3  6 11 14  f
 1574: 16 19 10  8 20 1e  4  3  f 11 14  6
 1575: 16 19 10  8 20 1e 14  3  6 11  4  f
 1576: 16 19 10  8 20 1e 14  3  f 11  4  6
 1577: 16 19 10  f  8  3  4 1e  6 11 14 20
 1578: 16 19 10  f  8  3 14  4  6 11 1e 20
 1579: 16 19 10  f  8  3 14 1e  6 11  4 20
 1580: 16 19 10  f  8  4 14  3  6 11 1e 20
 1581: 16 19 10  f  8 14  4  3  6 11 1e 20
 1582: 16 19 10  f  8 1e  4  3  6 11 14 20
 1583: 16 19 10  f  8 1e 14  3  6 11  4 20
 1584: 1e 14 19  4  8  3 16 11  6  f 10 20
 1585: 1e 14 19  6  8  3  4 11  f 16 10 20
 1586: 1e 14 19  6  8  3  4 11 16  f 10 20
 1587: 1e 14 19  6  8  3  4 16  f 11 10 20
 1588: 1e 14 19  6  8  3 16  4  f 11 10 20
 1589: 1e 14 19  6  8  4 16  3  f 11 10 20
 1590: 1e 14 19  6  8 10 16  3  f 11  4 20
 1591: 1e 14 19  8  f  3  4 11  6 16 10 20
 1592: 1e 14 19  8  f  3  4 16  6 11 10 20
 1593: 1e 14 19  8  f  3 16  4  6 11 10 20
 1594: 1e 14 19  8  f  4 16  3  6 11 10 20
 1595: 1e 14 19  8  f 10 16  3  6 11  4 20
 1596: 1e 14 19  8 11  3  4 16  6  f 10 20
 1597: 1e 14 19  8 11  3 16  4  6  f 10 20
 1598: 1e 14 19  8 11  4 16  3  6  f 10 20
 1599: 1e 14 19  8 11 10 16  3  6  f  4 20
 1600: 1e 14 19  8 16  3  4 11  6  f 10 20
 1601: 1e 14 19  8 20  3  4 11  6  f 10 16
 1602: 1e 14 19  8 20  3  4 11  6 16 10  f
 1603: 1e 14 19  8 20  3  4 11  f 16 10  6
 1604: 1e 14 19  8 20  3  4 11 16  f 10  6
 1605: 1e 14 19  8 20  3  4 16  6 11 10  f
 1606: 1e 14 19  8 20  3  4 16  f 11 10  6
 1607: 1e 14 19  8 20  3 16  4  6 11 10  f
 1608: 1e 14 19  8 20  3 16  4  f 11 10  6
 1609: 1e 14 19  8 20  3 16 11  6  f  4 10
 1610: 1e 14 19  8 20  3 16 11  6  f 10  4
 1611: 1e 14 19  8 20  4 16  3  6 11 10  f
 1612: 1e 14 19  8 20  4 16  3  f 11 10  6
 1613: 1e 14 19  8 20 10 16  3  6 11  4  f
 1614: 1e 14 19  8 20 10 16  3  f 11  4  6
 1615: 1e 14 19  f  8  3  4 11  6 16 10 20
 1616: 1e 14 19  f  8  3  4 16  6 11 10 20
 1617: 1e 14 19  f  8  3 16  4  6 11 10 20
 1618: 1e 14 19  f  8  4 16  3  6 11 10 20
 1619: 1e 14 19  f  8 10 16  3  6 11  4 20
 1620: 1e 19  3  4  8 10 16 11  6  f 14 20
 1621: 1e 19  3  4  8 14 16 11  6  f 10 20
 1622: 1e 19  3  6  8  4 14 11  f 16 10 20
 1623: 1e 19  3  6  8  4 14 11 16  f 10 20
 1624: 1e 19  3  6  8  4 14 16  f 11 10 20
 1625: 1e 19  3  6  8 10  4 11  f 16 14 20
 1626: 1e 19  3  6  8 10  4 11 16  f 14 20
 1627: 1e 19  3  6  8 10  4 16  f 11 14 20
 1628: 1e 19  3  6  8 10 14 11  f 16  4 20
 1629: 1e 19  3  6  8 10 14 11 16  f  4 20
 1630: 1e 19  3  6  8 10 14 16  f 11  4 20
 1631: 1e 19  3  6  8 10 16  4  f 11 14 20
 1632: 1e 19  3  6  8 14  4 11  f 16 10 20
 1633: 1e 19  3  6  8 14  4 11 16  f 10 20
 1634: 1e 19  3  6  8 14  4 16  f 11 10 20
 1635: 1e 19  3  6  8 14 16  4  f 11 10 20
 1636: 1e 19  3  8  f  4 14 11  6 16 10 20
 1637: 1e 19  3  8  f  4 14 16  6 11 10 20
 1638: 1e 19  3  8  f 10  4 11  6 16 14 20
 1639: 1e 19  3  8  f 10  4 16  6 11 14 20
 1640: 1e 19  3  8  f 10 14 11  6 16  4 20
 1641: 1e 19  3  8  f 10 14 16  6 11  4 20
 1642: 1e 19  3  8  f 10 16  4  6 11 14 20
 1643: 1e 19  3  8  f 14  4 11  6 16 10 20
 1644: 1e 19  3  8  f 14  4 16  6 11 10 20
 1645: 1e 19  3  8  f 14 16  4  6 11 10 20
 1646: 1e 19  3  8 11  4 14 16  6  f 10 20
 1647: 1e 19  3  8 11 10  4 16  6  f 14 20
 1648: 1e 19  3  8 11 10 14 16  6  f  4 20
 1649: 1e 19  3  8 11 10 16  4  6  f 14 20
 1650: 1e 19  3  8 11 14  4 16  6  f 10 20
 1651: 1e 19  3  8 11 14 16  4  6  f 10 20
 1652: 1e 19  3  8 14  4 16 11  6  f 10 20
 1653: 1e 19  3  8 14 10 16 11  6  f  4 20
 1654: 1e 19  3  8 16  4 14 11  6  f 10 20
 1655: 1e 19  3  8 16 10  4 11  6  f 14 20
 1656: 1e 19  3  8 16 10 14 11  6  f  4 20
 1657: 1e 19  3  8 16 14  4 11  6  f 10 20
 1658: 1e 19  3  8 20  4 14 11  6  f 10 16
 1659: 1e 19  3  8 20  4 14 11  6 16 10  f
 1660: 1e 19  3  8 20  4 14 11  f 16 10  6
 1661: 1e 19  3  8 20  4 14 11 16  f 10  6
 1662: 1e 19  3  8 20  4 14 16  6 11 10  f
 1663: 1e 19  3  8 20  4 14 16  f 11 10  6
 1664: 1e 19  3  8 20  4 16 11  6  f 14 10
 1665: 1e 19  3  8 20 10  4 11  6  f 14 16
 1666: 1e 19  3  8 20 10  4 11  6 16 14  f
 1667: 1e 19  3  8 20 10  4 11  f 16 14  6
 1668: 1e 19  3  8 20 10  4 11 16  f 14  6
 1669: 1e 19  3  8 20 10  4 16  6 11 14  f
 1670: 1e 19  3  8 20 10  4 16  f 11 14  6
 1671: 1e 19  3  8 20 10 14 11  6  f  4 16
 1672: 1e 19  3  8 20 10 14 11  6 16  4  f
 1673: 1e 19  3  8 20 10 14 11  f 16  4  6
 1674: 1e 19  3  8 20 10 14 11 16  f  4  6
 1675: 1e 19  3  8 20 10 14 16  6 11  4  f
 1676: 1e 19  3  8 20 10 14 16  f 11  4  6
 1677: 1e 19  3  8 20 10 16  4  6 11 14  f
 1678: 1e 19  3  8 20 10 16  4  f 11 14  6
 1679: 1e 19  3  8 20 10 16 11  6  f 14  4
 1680: 1e 19  3  8 20 14  4 11  6  f 10 16
 1681: 1e 19  3  8 20 14  4 11  6 16 10  f
 1682: 1e 19  3  8 20 14  4 11  f 16 10  6
 1683: 1e 19  3  8 20 14  4 11 16  f 10  6
 1684: 1e 19  3  8 20 14  4 16  6 11 10  f
 1685: 1e 19  3  8 20 14  4 16  f 11 10  6
 1686: 1e 19  3  8 20 14 16  4  6 11 10  f
 1687: 1e 19  3  8 20 14 16  4  f 11 10  6
 1688: 1e 19  3  8 20 14 16 11  6  f  4 10
 1689: 1e 19  3  8 20 14 16 11  6  f 10  4
 1690: 1e 19  3  f  8  4 14 11  6 16 10 20
 1691: 1e 19  3  f  8  4 14 16  6 11 10 20
 1692: 1e 19  3  f  8 10  4 11  6 16 14 20
 1693: 1e 19  3  f  8 10  4 16  6 11 14 20
 1694: 1e 19  3  f  8 10 14 11  6 16  4 20
 1695: 1e 19  3  f  8 10 14 16  6 11  4 20
 1696: 1e 19  3  f  8 10 16  4  6 11 14 20
 1697: 1e 19  3  f  8 14  4 11  6 16 10 20
 1698: 1e 19  3  f  8 14  4 16  6 11 10 20
 1699: 1e 19  3  f  8 14 16  4  6 11 10 20
 1700: 1e 19  4  6  8  3 14 11  f 16 10 20
 1701: 1e 19  4  6  8  3 14 11 16  f 10 20
 1702: 1e 19  4  6  8  3 14 16  f 11 10 20
 1703: 1e 19  4  6  8 10 16  3  f 11 14 20
 1704: 1e 19  4  6  8 14 16  3  f 11 10 20
 1705: 1e 19  4  8  f  3 14 11  6 16 10 20
 1706: 1e 19  4  8  f  3 14 16  6 11 10 20
 1707: 1e 19  4  8  f 10 16  3  6 11 14 20
 1708: 1e 19  4  8  f 14 16  3  6 11 10 20
 1709: 1e 19  4  8 11  3 14 16  6  f 10 20
 1710: 1e 19  4  8 11 10 16  3  6  f 14 20
 1711: 1e 19  4  8 11 14 16  3  6  f 10 20
 1712: 1e 19  4  8 14  3 16 11  6  f 10 20
 1713: 1e 19  4  8 16  3 14 11  6  f 10 20
 1714: 1e 19  4  8 20  3 14 11  6  f 10 16
 1715: 1e 19  4  8 20  3 14 11  6 16 10  f
 1716: 1e 19  4  8 20  3 14 11  f 16 10  6
 1717: 1e 19  4  8 20  3 14 11 16  f 10  6
 1718: 1e 19  4  8 20  3 14 16  6 11 10  f
 1719: 1e 19  4  8 20  3 14 16  f 11 10  6
 1720: 1e 19  4  8 20  3 16 11  6  f 14 10
 1721: 1e 19  4  8 20 10 16  3  6 11 14  f
 1722: 1e 19  4  8 20 10 16  3  f 11 14  6
 1723: 1e 19  4  8 20 14 16  3  6 11 10  f
 1724: 1e 19  4  8 20 14 16  3  f 11 10  6
 1725: 1e 19  4  f  8  3 14 11  6 16 10 20
 1726: 1e 19  4  f  8  3 14 16  6 11 10 20
 1727: 1e 19  4  f  8 10 16  3  6 11 14 20
 1728: 1e 19  4  f  8 14 16  3  6 11 10 20
 1729: 1e 19  6  4  8  3 14 11  f 16 10 20
 1730: 1e 19  6  4  8  3 14 11 16  f 10 20
 1731: 1e 19  6  4  8  3 14 16  f 11 10 20
 1732: 1e 19  6  4  8 10 16  3  f 11 14 20
 1733: 1e 19  6  4  8 14 16  3  f 11 10 20
 1734: 1e 19  6  8  f  3 14  4 16 11 10 20
 1735: 1e 19  6  8  f  4 14  3 16 11 10 20
 1736: 1e 19  6  8  f 10  4  3 16 11 14 20
 1737: 1e 19  6  8  f 10 14  3 16 11  4 20
 1738: 1e 19  6  8  f 14  4  3 16 11 10 20
 1739: 1e 19  6  8 11  3 14  4  f 16 10 20
 1740: 1e 19  6  8 11  3 14  4 16  f 10 20
 1741: 1e 19  6  8 11  4 14  3  f 16 10 20
 1742: 1e 19  6  8 11  4 14  3 16  f 10 20
 1743: 1e 19  6  8 11 10  4  3  f 16 14 20
 1744: 1e 19  6  8 11 10  4  3 16  f 14 20
 1745: 1e 19  6  8 11 10 14  3  f 16  4 20
 1746: 1e 19  6  8 11 10 14  3 16  f  4 20
 1747: 1e 19  6  8 11 14  4  3  f 16 10 20
 1748: 1e 19  6  8 11 14  4  3 16  f 10 20
 1749: 1e 19  6  8 14  3  4 11  f 16 10 20
 1750: 1e 19  6  8 14  3  4 11 16  f 10 20
 1751: 1e 19  6  8 14  3  4 16  f 11 10 20
 1752: 1e 19  6  8 14  3 16  4  f 11 10 20
 1753: 1e 19  6  8 14  4 16  3  f 11 10 20
 1754: 1e 19  6  8 14 10 16  3  f 11  4 20
 1755: 1e 19  6  8 16  3 14  4  f 11 10 20
 1756: 1e 19  6  8 16  4 14  3  f 11 10 20
 1757: 1e 19  6  8 16 10  4  3  f 11 14 20
 1758: 1e 19  6  8 16 10 14  3  f 11  4 20
 1759: 1e 19  6  8 16 14  4  3  f 11 10 20
 1760: 1e 19  6  8 20  3  4 11  f 16 14 10
 1761: 1e 19  6  8 20  3  4 11 16  f 14 10
 1762: 1e 19  6  8 20  3  4 16  f 11 14 10
 1763: 1e 19  6  8 20  3 14  4  f 11 10 16
 1764: 1e 19  6  8 20  3 14  4 16 11 10  f
 1765: 1e 19  6  8 20  3 14 11  f 16  4 10
 1766: 1e 19  6  8 20  3 14 11  f 16 10  4
 1767: 1e 19  6  8 20  3 14 11 16  f  4 10
 1768: 1e 19  6  8 20  3 14 11 16  f 10  4
 1769: 1e 19  6  8 20  3 14 16  f 11  4 10
 1770: 1e 19  6  8 20  3 14 16  f 11 10  4
 1771: 1e 19  6  8 20  3 16  4  f 11 14 10
 1772: 1e 19  6  8 20  4 14  3  f 11 10 16
 1773: 1e 19  6  8 20  4 14  3 16 11 10  f
 1774: 1e 19  6  8 20  4 16  3  f 11 14 10
 1775: 1e 19  6  8 20 10  4  3  f 11 14 16
 1776: 1e 19  6  8 20 10  4  3 16 11 14  f
 1777: 1e 19  6  8 20 10 14  3  f 11  4 16
 1778: 1e 19  6  8 20 10 14  3 16 11  4  f
 1779: 1e 19  6  8 20 10 16  3  f 11 14  4
 1780: 1e 19  6  8 20 14  4  3  f 11 10 16
 1781: 1e 19  6  8 20 14  4  3 16 11 10  f
 1782: 1e 19  6  8 20 14 16  3  f 11  4 10
 1783: 1e 19  6  8 20 14 16  3  f 11 10  4
 1784: 1e 19  6  f  8  3 14  4 16 11 10 20
 1785: 1e 19  6  f  8  4 14  3 16 11 10 20
 1786: 1e 19  6  f  8 10  4  3 16 11 14 20
 1787: 1e 19  6  f  8 10 14  3 16 11  4 20
 1788: 1e 19  6  f  8 14  4  3 16 11 10 20
 1789: 1e 19 10  4  8  3 16 11  6  f 14 20
 1790: 1e 19 10  6  8  3  4 11  f 16 14 20
 1791: 1e 19 10  6  8  3  4 11 16  f 14 20
 1792: 1e 19 10  6  8  3  4 16  f 11 14 20
 1793: 1e 19 10  6  8  3 14 11  f 16  4 20
 1794: 1e 19 10  6  8  3 14 11 16  f  4 20
 1795: 1e 19 10  6  8  3 14 16  f 11  4 20
 1796: 1e 19 10  6  8  3 16  4  f 11 14 20
 1797: 1e 19 10  6  8  4 16  3  f 11 14 20
 1798: 1e 19 10  6  8 14 16  3  f 11  4 20
 1799: 1e 19 10  8  f  3  4 11  6 16 14 20
 1800: 1e 19 10  8  f  3  4 16  6 11 14 20
 1801: 1e 19 10  8  f  3 14 11  6 16  4 20
 1802: 1e 19 10  8  f  3 14 16  6 11  4 20
 1803: 1e 19 10  8  f  3 16  4  6 11 14 20
 1804: 1e 19 10  8  f  4 16  3  6 11 14 20
 1805: 1e 19 10  8  f 14 16  3  6 11  4 20
 1806: 1e 19 10  8 11  3  4 16  6  f 14 20
 1807: 1e 19 10  8 11  3 14 16  6  f  4 20
 1808: 1e 19 10  8 11  3 16  4  6  f 14 20
 1809: 1e 19 10  8 11  4 16  3  6  f 14 20
 1810: 1e 19 10  8 11 14 16  3  6  f  4 20
 1811: 1e 19 10  8 14  3 16 11  6  f  4 20
 1812: 1e 19 10  8 16  3  4 11  6  f 14 20
 1813: 1e 19 10  8 16  3 14 11  6  f  4 20
 1814: 1e 19 10  8 20  3  4 11  6  f 14 16
 1815: 1e 19 10  8 20  3  4 11  6 16 14  f
 1816: 1e 19 10  8 20  3  4 11  f 16 14  6
 1817: 1e 19 10  8 20  3  4 11 16  f 14  6
 1818: 1e 19 10  8 20  3  4 16  6 11 14  f
 1819: 1e 19 10  8 20  3  4 16  f 11 14  6
 1820: 1e 19 10  8 20  3 14 11  6  f  4 16
 1821: 1e 19 10  8 20  3 14 11  6 16  4  f
 1822: 1e 19 10  8 20  3 14 11  f 16  4  6
 1823: 1e 19 10  8 20  3 14 11 16  f  4  6
 1824: 1e 19 10  8 20  3 14 16  6 11  4  f
 1825: 1e 19 10  8 20  3 14 16  f 11  4  6
 1826: 1e 19 10  8 20  3 16  4  6 11 14  f
 1827: 1e 19 10  8 20  3 16  4  f 11 14  6
 1828: 1e 19 10  8 20  3 16 11  6  f 14  4
 1829: 1e 19 10  8 20  4 16  3  6 11 14  f
 1830: 1e 19 10  8 20  4 16  3  f 11 14  6
 1831: 1e 19 10  8 20 14 16  3  6 11  4  f
 1832: 1e 19 10  8 20 14 16  3  f 11  4  6
 1833: 1e 19 10  f  8  3  4 11  6 16 14 20
 1834: 1e 19 10  f  8  3  4 16  6 11 14 20
 1835: 1e 19 10  f  8  3 14 11  6 16  4 20
 1836: 1e 19 10  f  8  3 14 16  6 11  4 20
 1837: 1e 19 10  f  8  3 16  4  6 11 14 20
 1838: 1e 19 10  f  8  4 16  3  6 11 14 20
 1839: 1e 19 10  f  8 14 16  3  6 11  4 20
 1840: 1e 19 16  4  8  3 14 11  6  f 10 20
 1841: 1e 19 16  6  8  3 14  4  f 11 10 20
 1842: 1e 19 16  6  8  4 14  3  f 11 10 20
 1843: 1e 19 16  6  8 10  4  3  f 11 14 20
 1844: 1e 19 16  6  8 10 14  3  f 11  4 20
 1845: 1e 19 16  6  8 14  4  3  f 11 10 20
 1846: 1e 19 16  8  f  3 14  4  6 11 10 20
 1847: 1e 19 16  8  f  4 14  3  6 11 10 20
 1848: 1e 19 16  8  f 10  4  3  6 11 14 20
 1849: 1e 19 16  8  f 10 14  3  6 11  4 20
 1850: 1e 19 16  8  f 14  4  3  6 11 10 20
 1851: 1e 19 16  8 11  3 14  4  6  f 10 20
 1852: 1e 19 16  8 11  4 14  3  6  f 10 20
 1853: 1e 19 16  8 11 10  4  3  6  f 14 20
 1854: 1e 19 16  8 11 10 14  3  6  f  4 20
 1855: 1e 19 16  8 11 14  4  3  6  f 10 20
 1856: 1e 19 16  8 14  3  4 11  6  f 10 20
 1857: 1e 19 16  8 20  3  4 11  6  f 14 10
 1858: 1e 19 16  8 20  3 14  4  6 11 10  f
 1859: 1e 19 16  8 20  3 14  4  f 11 10  6
 1860: 1e 19 16  8 20  3 14 11  6  f  4 10
 1861: 1e 19 16  8 20  3 14 11  6  f 10  4
 1862: 1e 19 16  8 20  4 14  3  6 11 10  f
 1863: 1e 19 16  8 20  4 14  3  f 11 10  6
 1864: 1e 19 16  8 20 10  4  3  6 11 14  f
 1865: 1e 19 16  8 20 10  4  3  f 11 14  6
 1866: 1e 19 16  8 20 10 14  3  6 11  4  f
 1867: 1e 19 16  8 20 10 14  3  f 11  4  6
 1868: 1e 19 16  8 20 14  4  3  6 11 10  f
 1869: 1e 19 16  8 20 14  4  3  f 11 10  6
 1870: 1e 19 16  f  8  3 14  4  6 11 10 20
 1871: 1e 19 16  f  8  4 14  3  6 11 10 20
 1872: 1e 19 16  f  8 10  4  3  6 11 14 20
 1873: 1e 19 16  f  8 10 14  3  6 11  4 20
 1874: 1e 19 16  f  8 14  4  3  6 11 10 20
