    0:  4  9  1  6  e 10 16 19  3 12 1d
    1:  4  9  1  6  e 10 16 1d  3 12 19
    2:  4  9  1  6  e 16 19 1d  3 12 10
    3:  4  9  1  6  e 16 1d 19  3 12 10
    4:  4  9  1  6  e 19 16 1d  3 12 10
    5:  4  9  1  6 1d 10 16  e  3 12 19
    6:  4  9  1  6 1d 10 16 19  3 12  e
    7:  4  9  1  6 1d 16 19  e  3 12 10
    8:  4  9  1  6 1d 19 16  e  3 12 10
    9:  4  9  1 10  e  3 16 19  6 12 1d
   10:  4  9  1 10  e  3 16 1d  6 12 19
   11:  4  9  1 10  e  6 16 19  3 12 1d
   12:  4  9  1 10  e  6 16 1d  3 12 19
   13:  4  9  1 10  e 16  3 19  6 12 1d
   14:  4  9  1 10  e 16  3 1d  6 12 19
   15:  4  9  1 10  e 16  6 19  3 12 1d
   16:  4  9  1 10  e 16  6 1d  3 12 19
   17:  4  9  1 10  e 16 19  3  6 12 1d
   18:  4  9  1 10  e 16 19 1d  6 12  3
   19:  4  9  1 10  e 16 1d  3  6 12 19
   20:  4  9  1 10  e 16 1d 19  6 12  3
   21:  4  9  1 10  e 19 16  3  6 12 1d
   22:  4  9  1 10  e 19 16 1d  6 12  3
   23:  4  9  1 10 1d  3 16  e  6 12 19
   24:  4  9  1 10 1d  3 16 19  6 12  e
   25:  4  9  1 10 1d  6 16  e  3 12 19
   26:  4  9  1 10 1d  6 16 19  3 12  e
   27:  4  9  1 10 1d 16  3  e  6 12 19
   28:  4  9  1 10 1d 16  3 19  6 12  e
   29:  4  9  1 10 1d 16  6  e  3 12 19
   30:  4  9  1 10 1d 16  6 19  3 12  e
   31:  4  9  1 10 1d 16 19  3  6 12  e
   32:  4  9  1 10 1d 16 19  e  6 12  3
   33:  4  9  1 10 1d 19 16  3  6 12  e
   34:  4  9  1 10 1d 19 16  e  6 12  3
   35:  4  9 1d  1  e  3 16 19  6 12 10
   36:  4  9 1d  1  e  6 16 19  3 12 10
   37:  4  9 1d  1  e 10 16  3  6 12 19
   38:  4  9 1d  1  e 10 16 19  6 12  3
   39:  4  9 1d  1  e 16  3 19  6 12 10
   40:  4  9 1d  1  e 16  6 19  3 12 10
   41:  4  9 1d  1  e 16 19  3  6 12 10
   42:  4  9 1d  1  e 19 16  3  6 12 10
   43:  4  e  1  6 1d  3 16 19  9 12 10
   44:  4  e  1  6 1d 10 16  3  9 12 19
   45:  4  e  1  6 1d 10 16  9  3 12 19
   46:  4  e  1  6 1d 10 16 19  3 12  9
   47:  4  e  1  6 1d 10 16 19  9 12  3
   48:  4  e  1  6 1d 16  3 19  9 12 10
   49:  4  e  1  6 1d 16  9 19  3 12 10
   50:  4  e  1  6 1d 16 19  3  9 12 10
   51:  4  e  1  6 1d 16 19  9  3 12 10
   52:  4  e  1  6 1d 19 16  3  9 12 10
   53:  4  e  1  6 1d 19 16  9  3 12 10
   54:  4  e  1 10 1d  3 16  9  6 12 19
   55:  4  e  1 10 1d  3 16 19  6 12  9
   56:  4  e  1 10 1d  6 16  3  9 12 19
   57:  4  e  1 10 1d  6 16  9  3 12 19
   58:  4  e  1 10 1d  6 16 19  3 12  9
   59:  4  e  1 10 1d  6 16 19  9 12  3
   60:  4  e  1 10 1d 16  3  9  6 12 19
   61:  4  e  1 10 1d 16  3 19  6 12  9
   62:  4  e  1 10 1d 16  6  3  9 12 19
   63:  4  e  1 10 1d 16  6  9  3 12 19
   64:  4  e  1 10 1d 16  6 19  3 12  9
   65:  4  e  1 10 1d 16  6 19  9 12  3
   66:  4  e  1 10 1d 16  9  3  6 12 19
   67:  4  e  1 10 1d 16  9 19  6 12  3
   68:  4  e  1 10 1d 16 19  3  6 12  9
   69:  4  e  1 10 1d 16 19  9  6 12  3
   70:  4  e  1 10 1d 19 16  3  6 12  9
   71:  4  e  1 10 1d 19 16  9  6 12  3
   72:  4 10  1  6  e  3 16 19  9 12 1d
   73:  4 10  1  6  e  3 16 1d  9 12 19
   74:  4 10  1  6  e 16  3 19  9 12 1d
   75:  4 10  1  6  e 16  3 1d  9 12 19
   76:  4 10  1  6  e 16  9 19  3 12 1d
   77:  4 10  1  6  e 16  9 1d  3 12 19
   78:  4 10  1  6  e 16 19  3  9 12 1d
   79:  4 10  1  6  e 16 19  9  3 12 1d
   80:  4 10  1  6  e 16 19 1d  3 12  9
   81:  4 10  1  6  e 16 19 1d  9 12  3
   82:  4 10  1  6  e 16 1d  3  9 12 19
   83:  4 10  1  6  e 16 1d  9  3 12 19
   84:  4 10  1  6  e 16 1d 19  3 12  9
   85:  4 10  1  6  e 16 1d 19  9 12  3
   86:  4 10  1  6  e 19 16  3  9 12 1d
   87:  4 10  1  6  e 19 16  9  3 12 1d
   88:  4 10  1  6  e 19 16 1d  3 12  9
   89:  4 10  1  6  e 19 16 1d  9 12  3
   90:  4 10  1  6 1d  3 16  e  9 12 19
   91:  4 10  1  6 1d  3 16 19  9 12  e
   92:  4 10  1  6 1d 16  3  e  9 12 19
   93:  4 10  1  6 1d 16  3 19  9 12  e
   94:  4 10  1  6 1d 16  9  e  3 12 19
   95:  4 10  1  6 1d 16  9 19  3 12  e
   96:  4 10  1  6 1d 16 19  3  9 12  e
   97:  4 10  1  6 1d 16 19  9  3 12  e
   98:  4 10  1  6 1d 16 19  e  3 12  9
   99:  4 10  1  6 1d 16 19  e  9 12  3
  100:  4 10  1  6 1d 19 16  3  9 12  e
  101:  4 10  1  6 1d 19 16  9  3 12  e
  102:  4 10  1  6 1d 19 16  e  3 12  9
  103:  4 10  1  6 1d 19 16  e  9 12  3
  104:  4 10 1d  1  e  3 16  9  6 12 19
  105:  4 10 1d  1  e  3 16 19  6 12  9
  106:  4 10 1d  1  e  6 16  3  9 12 19
  107:  4 10 1d  1  e  6 16  9  3 12 19
  108:  4 10 1d  1  e  6 16 19  3 12  9
  109:  4 10 1d  1  e  6 16 19  9 12  3
  110:  4 10 1d  1  e 16  3  9  6 12 19
  111:  4 10 1d  1  e 16  3 19  6 12  9
  112:  4 10 1d  1  e 16  6  3  9 12 19
  113:  4 10 1d  1  e 16  6  9  3 12 19
  114:  4 10 1d  1  e 16  6 19  3 12  9
  115:  4 10 1d  1  e 16  6 19  9 12  3
  116:  4 10 1d  1  e 16  9  3  6 12 19
  117:  4 10 1d  1  e 16  9 19  6 12  3
  118:  4 10 1d  1  e 16 19  3  6 12  9
  119:  4 10 1d  1  e 16 19  9  6 12  3
  120:  4 10 1d  1  e 19 16  3  6 12  9
  121:  4 10 1d  1  e 19 16  9  6 12  3
  122:  4 1d  1  6  e  3 16 19  9 12 10
  123:  4 1d  1  6  e 10 16  3  9 12 19
  124:  4 1d  1  6  e 10 16  9  3 12 19
  125:  4 1d  1  6  e 10 16 19  3 12  9
  126:  4 1d  1  6  e 10 16 19  9 12  3
  127:  4 1d  1  6  e 16  3 19  9 12 10
  128:  4 1d  1  6  e 16  9 19  3 12 10
  129:  4 1d  1  6  e 16 19  3  9 12 10
  130:  4 1d  1  6  e 16 19  9  3 12 10
  131:  4 1d  1  6  e 19 16  3  9 12 10
  132:  4 1d  1  6  e 19 16  9  3 12 10
  133:  4 1d  1 10  e  3 16  9  6 12 19
  134:  4 1d  1 10  e  3 16 19  6 12  9
  135:  4 1d  1 10  e  6 16  3  9 12 19
  136:  4 1d  1 10  e  6 16  9  3 12 19
  137:  4 1d  1 10  e  6 16 19  3 12  9
  138:  4 1d  1 10  e  6 16 19  9 12  3
  139:  4 1d  1 10  e 16  3  9  6 12 19
  140:  4 1d  1 10  e 16  3 19  6 12  9
  141:  4 1d  1 10  e 16  6  3  9 12 19
  142:  4 1d  1 10  e 16  6  9  3 12 19
  143:  4 1d  1 10  e 16  6 19  3 12  9
  144:  4 1d  1 10  e 16  6 19  9 12  3
  145:  4 1d  1 10  e 16  9  3  6 12 19
  146:  4 1d  1 10  e 16  9 19  6 12  3
  147:  4 1d  1 10  e 16 19  3  6 12  9
  148:  4 1d  1 10  e 16 19  9  6 12  3
  149:  4 1d  1 10  e 19 16  3  6 12  9
  150:  4 1d  1 10  e 19 16  9  6 12  3
  151:  6  4  1 10  e  3 16 19  9 12 1d
  152:  6  4  1 10  e  3 16 1d  9 12 19
  153:  6  4  1 10  e 16  3 19  9 12 1d
  154:  6  4  1 10  e 16  3 1d  9 12 19
  155:  6  4  1 10  e 16  9 19  3 12 1d
  156:  6  4  1 10  e 16  9 1d  3 12 19
  157:  6  4  1 10  e 16 19  3  9 12 1d
  158:  6  4  1 10  e 16 19  9  3 12 1d
  159:  6  4  1 10  e 16 19 1d  3 12  9
  160:  6  4  1 10  e 16 19 1d  9 12  3
  161:  6  4  1 10  e 16 1d  3  9 12 19
  162:  6  4  1 10  e 16 1d  9  3 12 19
  163:  6  4  1 10  e 16 1d 19  3 12  9
  164:  6  4  1 10  e 16 1d 19  9 12  3
  165:  6  4  1 10  e 19 16  3  9 12 1d
  166:  6  4  1 10  e 19 16  9  3 12 1d
  167:  6  4  1 10  e 19 16 1d  3 12  9
  168:  6  4  1 10  e 19 16 1d  9 12  3
  169:  6  4  1 10 1d  3 16  e  9 12 19
  170:  6  4  1 10 1d  3 16 19  9 12  e
  171:  6  4  1 10 1d 16  3  e  9 12 19
  172:  6  4  1 10 1d 16  3 19  9 12  e
  173:  6  4  1 10 1d 16  9  e  3 12 19
  174:  6  4  1 10 1d 16  9 19  3 12  e
  175:  6  4  1 10 1d 16 19  3  9 12  e
  176:  6  4  1 10 1d 16 19  9  3 12  e
  177:  6  4  1 10 1d 16 19  e  3 12  9
  178:  6  4  1 10 1d 16 19  e  9 12  3
  179:  6  4  1 10 1d 19 16  3  9 12  e
  180:  6  4  1 10 1d 19 16  9  3 12  e
  181:  6  4  1 10 1d 19 16  e  3 12  9
  182:  6  4  1 10 1d 19 16  e  9 12  3
  183:  6  4 1d  1  e  3 16 19  9 12 10
  184:  6  4 1d  1  e 10 16  3  9 12 19
  185:  6  4 1d  1  e 10 16  9  3 12 19
  186:  6  4 1d  1  e 10 16 19  3 12  9
  187:  6  4 1d  1  e 10 16 19  9 12  3
  188:  6  4 1d  1  e 16  3 19  9 12 10
  189:  6  4 1d  1  e 16  9 19  3 12 10
  190:  6  4 1d  1  e 16 19  3  9 12 10
  191:  6  4 1d  1  e 16 19  9  3 12 10
  192:  6  4 1d  1  e 19 16  3  9 12 10
  193:  6  4 1d  1  e 19 16  9  3 12 10
  194:  6  9  1 10  e  4 16 19  3 12 1d
  195:  6  9  1 10  e  4 16 1d  3 12 19
  196:  6  9  1 10 1d  4 16  e  3 12 19
  197:  6  9  1 10 1d  4 16 19  3 12  e
  198:  6  9  4  1  e 10 16 19  3 12 1d
  199:  6  9  4  1  e 10 16 1d  3 12 19
  200:  6  9  4  1  e 16 19 1d  3 12 10
  201:  6  9  4  1  e 16 1d 19  3 12 10
  202:  6  9  4  1  e 19 16 1d  3 12 10
  203:  6  9  4  1 1d 10 16  e  3 12 19
  204:  6  9  4  1 1d 10 16 19  3 12  e
  205:  6  9  4  1 1d 16 19  e  3 12 10
  206:  6  9  4  1 1d 19 16  e  3 12 10
  207:  6  9 1d  1  e  4 16 19  3 12 10
  208:  6  e  1 10 1d  4 16  3  9 12 19
  209:  6  e  1 10 1d  4 16  9  3 12 19
  210:  6  e  1 10 1d  4 16 19  3 12  9
  211:  6  e  1 10 1d  4 16 19  9 12  3
  212:  6  e  4  1 1d  3 16 19  9 12 10
  213:  6  e  4  1 1d 10 16  3  9 12 19
  214:  6  e  4  1 1d 10 16  9  3 12 19
  215:  6  e  4  1 1d 10 16 19  3 12  9
  216:  6  e  4  1 1d 10 16 19  9 12  3
  217:  6  e  4  1 1d 16  3 19  9 12 10
  218:  6  e  4  1 1d 16  9 19  3 12 10
  219:  6  e  4  1 1d 16 19  3  9 12 10
  220:  6  e  4  1 1d 16 19  9  3 12 10
  221:  6  e  4  1 1d 19 16  3  9 12 10
  222:  6  e  4  1 1d 19 16  9  3 12 10
  223:  6 10  4  1  e  3 16 19  9 12 1d
  224:  6 10  4  1  e  3 16 1d  9 12 19
  225:  6 10  4  1  e 16  3 19  9 12 1d
  226:  6 10  4  1  e 16  3 1d  9 12 19
  227:  6 10  4  1  e 16  9 19  3 12 1d
  228:  6 10  4  1  e 16  9 1d  3 12 19
  229:  6 10  4  1  e 16 19  3  9 12 1d
  230:  6 10  4  1  e 16 19  9  3 12 1d
  231:  6 10  4  1  e 16 19 1d  3 12  9
  232:  6 10  4  1  e 16 19 1d  9 12  3
  233:  6 10  4  1  e 16 1d  3  9 12 19
  234:  6 10  4  1  e 16 1d  9  3 12 19
  235:  6 10  4  1  e 16 1d 19  3 12  9
  236:  6 10  4  1  e 16 1d 19  9 12  3
  237:  6 10  4  1  e 19 16  3  9 12 1d
  238:  6 10  4  1  e 19 16  9  3 12 1d
  239:  6 10  4  1  e 19 16 1d  3 12  9
  240:  6 10  4  1  e 19 16 1d  9 12  3
  241:  6 10  4  1 1d  3 16  e  9 12 19
  242:  6 10  4  1 1d  3 16 19  9 12  e
  243:  6 10  4  1 1d 16  3  e  9 12 19
  244:  6 10  4  1 1d 16  3 19  9 12  e
  245:  6 10  4  1 1d 16  9  e  3 12 19
  246:  6 10  4  1 1d 16  9 19  3 12  e
  247:  6 10  4  1 1d 16 19  3  9 12  e
  248:  6 10  4  1 1d 16 19  9  3 12  e
  249:  6 10  4  1 1d 16 19  e  3 12  9
  250:  6 10  4  1 1d 16 19  e  9 12  3
  251:  6 10  4  1 1d 19 16  3  9 12  e
  252:  6 10  4  1 1d 19 16  9  3 12  e
  253:  6 10  4  1 1d 19 16  e  3 12  9
  254:  6 10  4  1 1d 19 16  e  9 12  3
  255:  6 10 1d  1  e  4 16  3  9 12 19
  256:  6 10 1d  1  e  4 16  9  3 12 19
  257:  6 10 1d  1  e  4 16 19  3 12  9
  258:  6 10 1d  1  e  4 16 19  9 12  3
  259:  6 1d  1 10  e  4 16  3  9 12 19
  260:  6 1d  1 10  e  4 16  9  3 12 19
  261:  6 1d  1 10  e  4 16 19  3 12  9
  262:  6 1d  1 10  e  4 16 19  9 12  3
  263:  6 1d  4  1  e  3 16 19  9 12 10
  264:  6 1d  4  1  e 10 16  3  9 12 19
  265:  6 1d  4  1  e 10 16  9  3 12 19
  266:  6 1d  4  1  e 10 16 19  3 12  9
  267:  6 1d  4  1  e 10 16 19  9 12  3
  268:  6 1d  4  1  e 16  3 19  9 12 10
  269:  6 1d  4  1  e 16  9 19  3 12 10
  270:  6 1d  4  1  e 16 19  3  9 12 10
  271:  6 1d  4  1  e 16 19  9  3 12 10
  272:  6 1d  4  1  e 19 16  3  9 12 10
  273:  6 1d  4  1  e 19 16  9  3 12 10
  274:  9  4  1  6  e 10 16 19  3 12 1d
  275:  9  4  1  6  e 10 16 1d  3 12 19
  276:  9  4  1  6  e 16 19 1d  3 12 10
  277:  9  4  1  6  e 16 1d 19  3 12 10
  278:  9  4  1  6  e 19 16 1d  3 12 10
  279:  9  4  1  6 1d 10 16  e  3 12 19
  280:  9  4  1  6 1d 10 16 19  3 12  e
  281:  9  4  1  6 1d 16 19  e  3 12 10
  282:  9  4  1  6 1d 19 16  e  3 12 10
  283:  9  4  1 10  e  3 16 19  6 12 1d
  284:  9  4  1 10  e  3 16 1d  6 12 19
  285:  9  4  1 10  e  6 16 19  3 12 1d
  286:  9  4  1 10  e  6 16 1d  3 12 19
  287:  9  4  1 10  e 16  3 19  6 12 1d
  288:  9  4  1 10  e 16  3 1d  6 12 19
  289:  9  4  1 10  e 16  6 19  3 12 1d
  290:  9  4  1 10  e 16  6 1d  3 12 19
  291:  9  4  1 10  e 16 19  3  6 12 1d
  292:  9  4  1 10  e 16 19 1d  6 12  3
  293:  9  4  1 10  e 16 1d  3  6 12 19
  294:  9  4  1 10  e 16 1d 19  6 12  3
  295:  9  4  1 10  e 19 16  3  6 12 1d
  296:  9  4  1 10  e 19 16 1d  6 12  3
  297:  9  4  1 10 1d  3 16  e  6 12 19
  298:  9  4  1 10 1d  3 16 19  6 12  e
  299:  9  4  1 10 1d  6 16  e  3 12 19
  300:  9  4  1 10 1d  6 16 19  3 12  e
  301:  9  4  1 10 1d 16  3  e  6 12 19
  302:  9  4  1 10 1d 16  3 19  6 12  e
  303:  9  4  1 10 1d 16  6  e  3 12 19
  304:  9  4  1 10 1d 16  6 19  3 12  e
  305:  9  4  1 10 1d 16 19  3  6 12  e
  306:  9  4  1 10 1d 16 19  e  6 12  3
  307:  9  4  1 10 1d 19 16  3  6 12  e
  308:  9  4  1 10 1d 19 16  e  6 12  3
  309:  9  4 1d  1  e  3 16 19  6 12 10
  310:  9  4 1d  1  e  6 16 19  3 12 10
  311:  9  4 1d  1  e 10 16  3  6 12 19
  312:  9  4 1d  1  e 10 16 19  6 12  3
  313:  9  4 1d  1  e 16  3 19  6 12 10
  314:  9  4 1d  1  e 16  6 19  3 12 10
  315:  9  4 1d  1  e 16 19  3  6 12 10
  316:  9  4 1d  1  e 19 16  3  6 12 10
  317:  9  e  1  6 1d  4 16 19  3 12 10
  318:  9  e  1 10 1d  4 16  3  6 12 19
  319:  9  e  1 10 1d  4 16 19  6 12  3
  320:  9  e  4  1 1d  3 16 19  6 12 10
  321:  9  e  4  1 1d  6 16 19  3 12 10
  322:  9  e  4  1 1d 10 16  3  6 12 19
  323:  9  e  4  1 1d 10 16 19  6 12  3
  324:  9  e  4  1 1d 16  3 19  6 12 10
  325:  9  e  4  1 1d 16  6 19  3 12 10
  326:  9  e  4  1 1d 16 19  3  6 12 10
  327:  9  e  4  1 1d 19 16  3  6 12 10
  328:  9 10  1  6  e  4 16 19  3 12 1d
  329:  9 10  1  6  e  4 16 1d  3 12 19
  330:  9 10  1  6 1d  4 16  e  3 12 19
  331:  9 10  1  6 1d  4 16 19  3 12  e
  332:  9 10  4  1  e  3 16 19  6 12 1d
  333:  9 10  4  1  e  3 16 1d  6 12 19
  334:  9 10  4  1  e  6 16 19  3 12 1d
  335:  9 10  4  1  e  6 16 1d  3 12 19
  336:  9 10  4  1  e 16  3 19  6 12 1d
  337:  9 10  4  1  e 16  3 1d  6 12 19
  338:  9 10  4  1  e 16  6 19  3 12 1d
  339:  9 10  4  1  e 16  6 1d  3 12 19
  340:  9 10  4  1  e 16 19  3  6 12 1d
  341:  9 10  4  1  e 16 19 1d  6 12  3
  342:  9 10  4  1  e 16 1d  3  6 12 19
  343:  9 10  4  1  e 16 1d 19  6 12  3
  344:  9 10  4  1  e 19 16  3  6 12 1d
  345:  9 10  4  1  e 19 16 1d  6 12  3
  346:  9 10  4  1 1d  3 16  e  6 12 19
  347:  9 10  4  1 1d  3 16 19  6 12  e
  348:  9 10  4  1 1d  6 16  e  3 12 19
  349:  9 10  4  1 1d  6 16 19  3 12  e
  350:  9 10  4  1 1d 16  3  e  6 12 19
  351:  9 10  4  1 1d 16  3 19  6 12  e
  352:  9 10  4  1 1d 16  6  e  3 12 19
  353:  9 10  4  1 1d 16  6 19  3 12  e
  354:  9 10  4  1 1d 16 19  3  6 12  e
  355:  9 10  4  1 1d 16 19  e  6 12  3
  356:  9 10  4  1 1d 19 16  3  6 12  e
  357:  9 10  4  1 1d 19 16  e  6 12  3
  358:  9 10 1d  1  e  4 16  3  6 12 19
  359:  9 10 1d  1  e  4 16 19  6 12  3
  360:  9 1d  1  6  e  4 16 19  3 12 10
  361:  9 1d  1 10  e  4 16  3  6 12 19
  362:  9 1d  1 10  e  4 16 19  6 12  3
  363:  9 1d  4  1  e  3 16 19  6 12 10
  364:  9 1d  4  1  e  6 16 19  3 12 10
  365:  9 1d  4  1  e 10 16  3  6 12 19
  366:  9 1d  4  1  e 10 16 19  6 12  3
  367:  9 1d  4  1  e 16  3 19  6 12 10
  368:  9 1d  4  1  e 16  6 19  3 12 10
  369:  9 1d  4  1  e 16 19  3  6 12 10
  370:  9 1d  4  1  e 19 16  3  6 12 10
  371: 16  4  1  6  e  3 19 1d  9 12 10
  372: 16  4  1  6  e  3 1d 19  9 12 10
  373: 16  4  1  6  e 10  3 19  9 12 1d
  374: 16  4  1  6  e 10  3 1d  9 12 19
  375: 16  4  1  6  e 10  9 19  3 12 1d
  376: 16  4  1  6  e 10  9 1d  3 12 19
  377: 16  4  1  6  e 10 19  3  9 12 1d
  378: 16  4  1  6  e 10 19  9  3 12 1d
  379: 16  4  1  6  e 10 19 1d  3 12  9
  380: 16  4  1  6  e 10 19 1d  9 12  3
  381: 16  4  1  6  e 10 1d  3  9 12 19
  382: 16  4  1  6  e 10 1d  9  3 12 19
  383: 16  4  1  6  e 10 1d 19  3 12  9
  384: 16  4  1  6  e 10 1d 19  9 12  3
  385: 16  4  1  6  e 19  3 1d  9 12 10
  386: 16  4  1  6  e 19  9 1d  3 12 10
  387: 16  4  1  6  e 19 1d  3  9 12 10
  388: 16  4  1  6  e 19 1d  9  3 12 10
  389: 16  4  1  6 1d  3 19  e  9 12 10
  390: 16  4  1  6 1d 10  3  e  9 12 19
  391: 16  4  1  6 1d 10  3 19  9 12  e
  392: 16  4  1  6 1d 10  9  e  3 12 19
  393: 16  4  1  6 1d 10  9 19  3 12  e
  394: 16  4  1  6 1d 10 19  3  9 12  e
  395: 16  4  1  6 1d 10 19  9  3 12  e
  396: 16  4  1  6 1d 10 19  e  3 12  9
  397: 16  4  1  6 1d 10 19  e  9 12  3
  398: 16  4  1  6 1d 19  3  e  9 12 10
  399: 16  4  1  6 1d 19  9  e  3 12 10
  400: 16  4  1 10  e  3  6 19  9 12 1d
  401: 16  4  1 10  e  3  6 1d  9 12 19
  402: 16  4  1 10  e  3  9 19  6 12 1d
  403: 16  4  1 10  e  3  9 1d  6 12 19
  404: 16  4  1 10  e  3 19  9  6 12 1d
  405: 16  4  1 10  e  3 19 1d  6 12  9
  406: 16  4  1 10  e  3 1d  9  6 12 19
  407: 16  4  1 10  e  3 1d 19  6 12  9
  408: 16  4  1 10  e  6  3 19  9 12 1d
  409: 16  4  1 10  e  6  3 1d  9 12 19
  410: 16  4  1 10  e  6  9 19  3 12 1d
  411: 16  4  1 10  e  6  9 1d  3 12 19
  412: 16  4  1 10  e  6 19  3  9 12 1d
  413: 16  4  1 10  e  6 19  9  3 12 1d
  414: 16  4  1 10  e  6 19 1d  3 12  9
  415: 16  4  1 10  e  6 19 1d  9 12  3
  416: 16  4  1 10  e  6 1d  3  9 12 19
  417: 16  4  1 10  e  6 1d  9  3 12 19
  418: 16  4  1 10  e  6 1d 19  3 12  9
  419: 16  4  1 10  e  6 1d 19  9 12  3
  420: 16  4  1 10  e 19  3  9  6 12 1d
  421: 16  4  1 10  e 19  3 1d  6 12  9
  422: 16  4  1 10  e 19  6  3  9 12 1d
  423: 16  4  1 10  e 19  6  9  3 12 1d
  424: 16  4  1 10  e 19  6 1d  3 12  9
  425: 16  4  1 10  e 19  6 1d  9 12  3
  426: 16  4  1 10  e 19  9  3  6 12 1d
  427: 16  4  1 10  e 19  9 1d  6 12  3
  428: 16  4  1 10  e 19 1d  3  6 12  9
  429: 16  4  1 10  e 19 1d  9  6 12  3
  430: 16  4  1 10 1d  3  6  e  9 12 19
  431: 16  4  1 10 1d  3  6 19  9 12  e
  432: 16  4  1 10 1d  3  9  e  6 12 19
  433: 16  4  1 10 1d  3  9 19  6 12  e
  434: 16  4  1 10 1d  3 19  9  6 12  e
  435: 16  4  1 10 1d  3 19  e  6 12  9
  436: 16  4  1 10 1d  6  3  e  9 12 19
  437: 16  4  1 10 1d  6  3 19  9 12  e
  438: 16  4  1 10 1d  6  9  e  3 12 19
  439: 16  4  1 10 1d  6  9 19  3 12  e
  440: 16  4  1 10 1d  6 19  3  9 12  e
  441: 16  4  1 10 1d  6 19  9  3 12  e
  442: 16  4  1 10 1d  6 19  e  3 12  9
  443: 16  4  1 10 1d  6 19  e  9 12  3
  444: 16  4  1 10 1d 19  3  9  6 12  e
  445: 16  4  1 10 1d 19  3  e  6 12  9
  446: 16  4  1 10 1d 19  6  3  9 12  e
  447: 16  4  1 10 1d 19  6  9  3 12  e
  448: 16  4  1 10 1d 19  6  e  3 12  9
  449: 16  4  1 10 1d 19  6  e  9 12  3
  450: 16  4  1 10 1d 19  9  3  6 12  e
  451: 16  4  1 10 1d 19  9  e  6 12  3
  452: 16  4 1d  1  e  3  6 19  9 12 10
  453: 16  4 1d  1  e  3  9 19  6 12 10
  454: 16  4 1d  1  e  3 19  9  6 12 10
  455: 16  4 1d  1  e  6  3 19  9 12 10
  456: 16  4 1d  1  e  6  9 19  3 12 10
  457: 16  4 1d  1  e  6 19  3  9 12 10
  458: 16  4 1d  1  e  6 19  9  3 12 10
  459: 16  4 1d  1  e 10  3  9  6 12 19
  460: 16  4 1d  1  e 10  3 19  6 12  9
  461: 16  4 1d  1  e 10  6  3  9 12 19
  462: 16  4 1d  1  e 10  6  9  3 12 19
  463: 16  4 1d  1  e 10  6 19  3 12  9
  464: 16  4 1d  1  e 10  6 19  9 12  3
  465: 16  4 1d  1  e 10  9  3  6 12 19
  466: 16  4 1d  1  e 10  9 19  6 12  3
  467: 16  4 1d  1  e 10 19  3  6 12  9
  468: 16  4 1d  1  e 10 19  9  6 12  3
  469: 16  4 1d  1  e 19  3  9  6 12 10
  470: 16  4 1d  1  e 19  6  3  9 12 10
  471: 16  4 1d  1  e 19  6  9  3 12 10
  472: 16  4 1d  1  e 19  9  3  6 12 10
  473: 16  9  1  6  e  4 19 1d  3 12 10
  474: 16  9  1  6  e  4 1d 19  3 12 10
  475: 16  9  1  6 1d  4 19  e  3 12 10
  476: 16  9  1 10  e  4  3 19  6 12 1d
  477: 16  9  1 10  e  4  3 1d  6 12 19
  478: 16  9  1 10  e  4  6 19  3 12 1d
  479: 16  9  1 10  e  4  6 1d  3 12 19
  480: 16  9  1 10  e  4 19  3  6 12 1d
  481: 16  9  1 10  e  4 19 1d  6 12  3
  482: 16  9  1 10  e  4 1d  3  6 12 19
  483: 16  9  1 10  e  4 1d 19  6 12  3
  484: 16  9  1 10 1d  4  3  e  6 12 19
  485: 16  9  1 10 1d  4  3 19  6 12  e
  486: 16  9  1 10 1d  4  6  e  3 12 19
  487: 16  9  1 10 1d  4  6 19  3 12  e
  488: 16  9  1 10 1d  4 19  3  6 12  e
  489: 16  9  1 10 1d  4 19  e  6 12  3
  490: 16  9  4  1  e  3 19 1d  6 12 10
  491: 16  9  4  1  e  3 1d 19  6 12 10
  492: 16  9  4  1  e  6 19 1d  3 12 10
  493: 16  9  4  1  e  6 1d 19  3 12 10
  494: 16  9  4  1  e 10  3 19  6 12 1d
  495: 16  9  4  1  e 10  3 1d  6 12 19
  496: 16  9  4  1  e 10  6 19  3 12 1d
  497: 16  9  4  1  e 10  6 1d  3 12 19
  498: 16  9  4  1  e 10 19  3  6 12 1d
  499: 16  9  4  1  e 10 19 1d  6 12  3
  500: 16  9  4  1  e 10 1d  3  6 12 19
  501: 16  9  4  1  e 10 1d 19  6 12  3
  502: 16  9  4  1  e 19  3 1d  6 12 10
  503: 16  9  4  1  e 19  6 1d  3 12 10
  504: 16  9  4  1  e 19 1d  3  6 12 10
  505: 16  9  4  1 1d  3 19  e  6 12 10
  506: 16  9  4  1 1d  6 19  e  3 12 10
  507: 16  9  4  1 1d 10  3  e  6 12 19
  508: 16  9  4  1 1d 10  3 19  6 12  e
  509: 16  9  4  1 1d 10  6  e  3 12 19
  510: 16  9  4  1 1d 10  6 19  3 12  e
  511: 16  9  4  1 1d 10 19  3  6 12  e
  512: 16  9  4  1 1d 10 19  e  6 12  3
  513: 16  9  4  1 1d 19  3  e  6 12 10
  514: 16  9  4  1 1d 19  6  e  3 12 10
  515: 16  9 1d  1  e  4  3 19  6 12 10
  516: 16  9 1d  1  e  4  6 19  3 12 10
  517: 16  9 1d  1  e  4 19  3  6 12 10
  518: 16  e  1  6 1d  4  3 19  9 12 10
  519: 16  e  1  6 1d  4  9 19  3 12 10
  520: 16  e  1  6 1d  4 19  3  9 12 10
  521: 16  e  1  6 1d  4 19  9  3 12 10
  522: 16  e  1 10 1d  4  3  9  6 12 19
  523: 16  e  1 10 1d  4  3 19  6 12  9
  524: 16  e  1 10 1d  4  6  3  9 12 19
  525: 16  e  1 10 1d  4  6  9  3 12 19
  526: 16  e  1 10 1d  4  6 19  3 12  9
  527: 16  e  1 10 1d  4  6 19  9 12  3
  528: 16  e  1 10 1d  4  9  3  6 12 19
  529: 16  e  1 10 1d  4  9 19  6 12  3
  530: 16  e  1 10 1d  4 19  3  6 12  9
  531: 16  e  1 10 1d  4 19  9  6 12  3
  532: 16  e  4  1 1d  3  6 19  9 12 10
  533: 16  e  4  1 1d  3  9 19  6 12 10
  534: 16  e  4  1 1d  3 19  9  6 12 10
  535: 16  e  4  1 1d  6  3 19  9 12 10
  536: 16  e  4  1 1d  6  9 19  3 12 10
  537: 16  e  4  1 1d  6 19  3  9 12 10
  538: 16  e  4  1 1d  6 19  9  3 12 10
  539: 16  e  4  1 1d 10  3  9  6 12 19
  540: 16  e  4  1 1d 10  3 19  6 12  9
  541: 16  e  4  1 1d 10  6  3  9 12 19
  542: 16  e  4  1 1d 10  6  9  3 12 19
  543: 16  e  4  1 1d 10  6 19  3 12  9
  544: 16  e  4  1 1d 10  6 19  9 12  3
  545: 16  e  4  1 1d 10  9  3  6 12 19
  546: 16  e  4  1 1d 10  9 19  6 12  3
  547: 16  e  4  1 1d 10 19  3  6 12  9
  548: 16  e  4  1 1d 10 19  9  6 12  3
  549: 16  e  4  1 1d 19  3  9  6 12 10
  550: 16  e  4  1 1d 19  6  3  9 12 10
  551: 16  e  4  1 1d 19  6  9  3 12 10
  552: 16  e  4  1 1d 19  9  3  6 12 10
  553: 16 10  1  6  e  4  3 19  9 12 1d
  554: 16 10  1  6  e  4  3 1d  9 12 19
  555: 16 10  1  6  e  4  9 19  3 12 1d
  556: 16 10  1  6  e  4  9 1d  3 12 19
  557: 16 10  1  6  e  4 19  3  9 12 1d
  558: 16 10  1  6  e  4 19  9  3 12 1d
  559: 16 10  1  6  e  4 19 1d  3 12  9
  560: 16 10  1  6  e  4 19 1d  9 12  3
  561: 16 10  1  6  e  4 1d  3  9 12 19
  562: 16 10  1  6  e  4 1d  9  3 12 19
  563: 16 10  1  6  e  4 1d 19  3 12  9
  564: 16 10  1  6  e  4 1d 19  9 12  3
  565: 16 10  1  6 1d  4  3  e  9 12 19
  566: 16 10  1  6 1d  4  3 19  9 12  e
  567: 16 10  1  6 1d  4  9  e  3 12 19
  568: 16 10  1  6 1d  4  9 19  3 12  e
  569: 16 10  1  6 1d  4 19  3  9 12  e
  570: 16 10  1  6 1d  4 19  9  3 12  e
  571: 16 10  1  6 1d  4 19  e  3 12  9
  572: 16 10  1  6 1d  4 19  e  9 12  3
  573: 16 10  4  1  e  3  6 19  9 12 1d
  574: 16 10  4  1  e  3  6 1d  9 12 19
  575: 16 10  4  1  e  3  9 19  6 12 1d
  576: 16 10  4  1  e  3  9 1d  6 12 19
  577: 16 10  4  1  e  3 19  9  6 12 1d
  578: 16 10  4  1  e  3 19 1d  6 12  9
  579: 16 10  4  1  e  3 1d  9  6 12 19
  580: 16 10  4  1  e  3 1d 19  6 12  9
  581: 16 10  4  1  e  6  3 19  9 12 1d
  582: 16 10  4  1  e  6  3 1d  9 12 19
  583: 16 10  4  1  e  6  9 19  3 12 1d
  584: 16 10  4  1  e  6  9 1d  3 12 19
  585: 16 10  4  1  e  6 19  3  9 12 1d
  586: 16 10  4  1  e  6 19  9  3 12 1d
  587: 16 10  4  1  e  6 19 1d  3 12  9
  588: 16 10  4  1  e  6 19 1d  9 12  3
  589: 16 10  4  1  e  6 1d  3  9 12 19
  590: 16 10  4  1  e  6 1d  9  3 12 19
  591: 16 10  4  1  e  6 1d 19  3 12  9
  592: 16 10  4  1  e  6 1d 19  9 12  3
  593: 16 10  4  1  e 19  3  9  6 12 1d
  594: 16 10  4  1  e 19  3 1d  6 12  9
  595: 16 10  4  1  e 19  6  3  9 12 1d
  596: 16 10  4  1  e 19  6  9  3 12 1d
  597: 16 10  4  1  e 19  6 1d  3 12  9
  598: 16 10  4  1  e 19  6 1d  9 12  3
  599: 16 10  4  1  e 19  9  3  6 12 1d
  600: 16 10  4  1  e 19  9 1d  6 12  3
  601: 16 10  4  1  e 19 1d  3  6 12  9
  602: 16 10  4  1  e 19 1d  9  6 12  3
  603: 16 10  4  1 1d  3  6  e  9 12 19
  604: 16 10  4  1 1d  3  6 19  9 12  e
  605: 16 10  4  1 1d  3  9  e  6 12 19
  606: 16 10  4  1 1d  3  9 19  6 12  e
  607: 16 10  4  1 1d  3 19  9  6 12  e
  608: 16 10  4  1 1d  3 19  e  6 12  9
  609: 16 10  4  1 1d  6  3  e  9 12 19
  610: 16 10  4  1 1d  6  3 19  9 12  e
  611: 16 10  4  1 1d  6  9  e  3 12 19
  612: 16 10  4  1 1d  6  9 19  3 12  e
  613: 16 10  4  1 1d  6 19  3  9 12  e
  614: 16 10  4  1 1d  6 19  9  3 12  e
  615: 16 10  4  1 1d  6 19  e  3 12  9
  616: 16 10  4  1 1d  6 19  e  9 12  3
  617: 16 10  4  1 1d 19  3  9  6 12  e
  618: 16 10  4  1 1d 19  3  e  6 12  9
  619: 16 10  4  1 1d 19  6  3  9 12  e
  620: 16 10  4  1 1d 19  6  9  3 12  e
  621: 16 10  4  1 1d 19  6  e  3 12  9
  622: 16 10  4  1 1d 19  6  e  9 12  3
  623: 16 10  4  1 1d 19  9  3  6 12  e
  624: 16 10  4  1 1d 19  9  e  6 12  3
  625: 16 10 1d  1  e  4  3  9  6 12 19
  626: 16 10 1d  1  e  4  3 19  6 12  9
  627: 16 10 1d  1  e  4  6  3  9 12 19
  628: 16 10 1d  1  e  4  6  9  3 12 19
  629: 16 10 1d  1  e  4  6 19  3 12  9
  630: 16 10 1d  1  e  4  6 19  9 12  3
  631: 16 10 1d  1  e  4  9  3  6 12 19
  632: 16 10 1d  1  e  4  9 19  6 12  3
  633: 16 10 1d  1  e  4 19  3  6 12  9
  634: 16 10 1d  1  e  4 19  9  6 12  3
  635: 16 1d  1  6  e  4  3 19  9 12 10
  636: 16 1d  1  6  e  4  9 19  3 12 10
  637: 16 1d  1  6  e  4 19  3  9 12 10
  638: 16 1d  1  6  e  4 19  9  3 12 10
  639: 16 1d  1 10  e  4  3  9  6 12 19
  640: 16 1d  1 10  e  4  3 19  6 12  9
  641: 16 1d  1 10  e  4  6  3  9 12 19
  642: 16 1d  1 10  e  4  6  9  3 12 19
  643: 16 1d  1 10  e  4  6 19  3 12  9
  644: 16 1d  1 10  e  4  6 19  9 12  3
  645: 16 1d  1 10  e  4  9  3  6 12 19
  646: 16 1d  1 10  e  4  9 19  6 12  3
  647: 16 1d  1 10  e  4 19  3  6 12  9
  648: 16 1d  1 10  e  4 19  9  6 12  3
  649: 16 1d  4  1  e  3  6 19  9 12 10
  650: 16 1d  4  1  e  3  9 19  6 12 10
  651: 16 1d  4  1  e  3 19  9  6 12 10
  652: 16 1d  4  1  e  6  3 19  9 12 10
  653: 16 1d  4  1  e  6  9 19  3 12 10
  654: 16 1d  4  1  e  6 19  3  9 12 10
  655: 16 1d  4  1  e  6 19  9  3 12 10
  656: 16 1d  4  1  e 10  3  9  6 12 19
  657: 16 1d  4  1  e 10  3 19  6 12  9
  658: 16 1d  4  1  e 10  6  3  9 12 19
  659: 16 1d  4  1  e 10  6  9  3 12 19
  660: 16 1d  4  1  e 10  6 19  3 12  9
  661: 16 1d  4  1  e 10  6 19  9 12  3
  662: 16 1d  4  1  e 10  9  3  6 12 19
  663: 16 1d  4  1  e 10  9 19  6 12  3
  664: 16 1d  4  1  e 10 19  3  6 12  9
  665: 16 1d  4  1  e 10 19  9  6 12  3
  666: 16 1d  4  1  e 19  3  9  6 12 10
  667: 16 1d  4  1  e 19  6  3  9 12 10
  668: 16 1d  4  1  e 19  6  9  3 12 10
  669: 16 1d  4  1  e 19  9  3  6 12 10
