    0:  2  8  4 10 15  9  5 16  6 22 18 1e
    1:  2  8  4 10 15  9  5 16 1e 22 18  6
    2:  2  8  4 10 15  9  6 16  5 22 18 1e
    3:  2  8  4 10 15  9 16  6  5 22 18 1e
    4:  2  8  4 10 15  9 16 1e  5 22 18  6
    5:  2  8  4 10 15  9 1e 16  5 22 18  6
    6:  2  8  4 15  5  9  6 16 1e 10 18 22
    7:  2  8  4 15  5  9 16  6 1e 10 18 22
    8:  2  8  4 15  5  9 16 10  6 22 18 1e
    9:  2  8  4 15  5  9 16 10 1e 22 18  6
   10:  2  8  4 15  5  9 16 1e  6 10 18 22
   11:  2  8  4 15  5  9 1e 16  6 10 18 22
   12:  2  8  4 15 18  9  5 16  6 22 10 1e
   13:  2  8  4 15 18  9  5 16 1e 22 10  6
   14:  2  8  4 15 18  9  6 16  5 22 10 1e
   15:  2  8  4 15 18  9 16  6  5 22 10 1e
   16:  2  8  4 15 18  9 16 1e  5 22 10  6
   17:  2  8  4 15 18  9 1e 16  5 22 10  6
   18:  2  8  4 16 15  9  5  6 1e 10 18 22
   19:  2  8  4 16 15  9  5 10  6 22 18 1e
   20:  2  8  4 16 15  9  5 10 1e 22 18  6
   21:  2  8  4 16 15  9  5 1e  6 10 18 22
   22:  2  8  4 16 15  9  6 10  5 22 18 1e
   23:  2  8  4 16 15  9  6 1e  5 10 18 22
   24:  2  8  4 16 15  9 1e  6  5 10 18 22
   25:  2  8  4 16 15  9 1e 10  5 22 18  6
   26:  2  8  4 18 15  9  5 16  6 22 10 1e
   27:  2  8  4 18 15  9  5 16 1e 22 10  6
   28:  2  8  4 18 15  9  6 16  5 22 10 1e
   29:  2  8  4 18 15  9 16  6  5 22 10 1e
   30:  2  8  4 18 15  9 16 1e  5 22 10  6
   31:  2  8  4 18 15  9 1e 16  5 22 10  6
   32:  2  8  4 22 15  9  5 16  6 10 18 1e
   33:  2  8  4 22 15  9  5 16 1e 10 18  6
   34:  2  8  4 22 15  9  6 16  5 10 18 1e
   35:  2  8  4 22 15  9 16  6  5 10 18 1e
   36:  2  8  4 22 15  9 16 1e  5 10 18  6
   37:  2  8  4 22 15  9 1e 16  5 10 18  6
   38:  2  8 15 10  4  9  5 16  6 22 18 1e
   39:  2  8 15 10  4  9  5 16 1e 22 18  6
   40:  2  8 15 10  4  9  6 16  5 22 18 1e
   41:  2  8 15 10  4  9 16  6  5 22 18 1e
   42:  2  8 15 10  4  9 16 1e  5 22 18  6
   43:  2  8 15 10  4  9 1e 16  5 22 18  6
   44:  2  8 15 10  5  4  6 16 1e  9 18 22
   45:  2  8 15 10  5  4 16  6 1e  9 18 22
   46:  2  8 15 10  5  4 16 1e  6  9 18 22
   47:  2  8 15 10  5  4 1e 16  6  9 18 22
   48:  2  8 15 10  5  9  6 16  4 22 18 1e
   49:  2  8 15 10  5  9  6 16 1e 22 18  4
   50:  2  8 15 10  5  9 16  4  6 22 18 1e
   51:  2  8 15 10  5  9 16  4 1e 22 18  6
   52:  2  8 15 10  5  9 16  6  4 22 18 1e
   53:  2  8 15 10  5  9 16  6 1e 22 18  4
   54:  2  8 15 10  5  9 16 1e  4 22 18  6
   55:  2  8 15 10  5  9 16 1e  6 22 18  4
   56:  2  8 15 10  5  9 1e 16  4 22 18  6
   57:  2  8 15 10  5  9 1e 16  6 22 18  4
   58:  2  8 15 16  4  9  5  6 1e 10 18 22
   59:  2  8 15 16  4  9  5 10  6 22 18 1e
   60:  2  8 15 16  4  9  5 10 1e 22 18  6
   61:  2  8 15 16  4  9  5 1e  6 10 18 22
   62:  2  8 15 16  4  9  6 10  5 22 18 1e
   63:  2  8 15 16  4  9  6 1e  5 10 18 22
   64:  2  8 15 16  4  9 1e  6  5 10 18 22
   65:  2  8 15 16  4  9 1e 10  5 22 18  6
   66:  2  8 15 16  5  4  6 10 1e  9 18 22
   67:  2  8 15 16  5  4 1e 10  6  9 18 22
   68:  2  8 15 16  5  9  6  4 1e 10 18 22
   69:  2  8 15 16  5  9  6 10  4 22 18 1e
   70:  2  8 15 16  5  9  6 10 1e 22 18  4
   71:  2  8 15 16  5  9  6 1e  4 10 18 22
   72:  2  8 15 16  5  9 1e  4  6 10 18 22
   73:  2  8 15 16  5  9 1e  6  4 10 18 22
   74:  2  8 15 16  5  9 1e 10  4 22 18  6
   75:  2  8 15 16  5  9 1e 10  6 22 18  4
   76:  2  8 15 16 18  4  5  6 1e  9 10 22
   77:  2  8 15 16 18  4  5 1e  6  9 10 22
   78:  2  8 15 16 18  4  6 1e  5  9 10 22
   79:  2  8 15 16 18  4 1e  6  5  9 10 22
   80:  2  8 15 16 18  9  5  4  6 22 10 1e
   81:  2  8 15 16 18  9  5  4 1e 22 10  6
   82:  2  8 15 16 18  9  5  6  4 22 10 1e
   83:  2  8 15 16 18  9  5  6 1e 22 10  4
   84:  2  8 15 16 18  9  5 1e  4 22 10  6
   85:  2  8 15 16 18  9  5 1e  6 22 10  4
   86:  2  8 15 16 18  9  6  4  5 22 10 1e
   87:  2  8 15 16 18  9  6 1e  5 22 10  4
   88:  2  8 15 16 18  9 1e  4  5 22 10  6
   89:  2  8 15 16 18  9 1e  6  5 22 10  4
   90:  2  8 15 18  4  9  5 16  6 22 10 1e
   91:  2  8 15 18  4  9  5 16 1e 22 10  6
   92:  2  8 15 18  4  9  6 16  5 22 10 1e
   93:  2  8 15 18  4  9 16  6  5 22 10 1e
   94:  2  8 15 18  4  9 16 1e  5 22 10  6
   95:  2  8 15 18  4  9 1e 16  5 22 10  6
   96:  2  8 15 18  5  4  6 16 1e  9 10 22
   97:  2  8 15 18  5  4 16  6 1e  9 10 22
   98:  2  8 15 18  5  4 16 1e  6  9 10 22
   99:  2  8 15 18  5  4 1e 16  6  9 10 22
  100:  2  8 15 18  5  9  6 16  4 22 10 1e
  101:  2  8 15 18  5  9  6 16 1e 22 10  4
  102:  2  8 15 18  5  9 16  4  6 22 10 1e
  103:  2  8 15 18  5  9 16  4 1e 22 10  6
  104:  2  8 15 18  5  9 16  6  4 22 10 1e
  105:  2  8 15 18  5  9 16  6 1e 22 10  4
  106:  2  8 15 18  5  9 16 1e  4 22 10  6
  107:  2  8 15 18  5  9 16 1e  6 22 10  4
  108:  2  8 15 18  5  9 1e 16  4 22 10  6
  109:  2  8 15 18  5  9 1e 16  6 22 10  4
  110:  2  8 15 22  4  9  5 16  6 10 18 1e
  111:  2  8 15 22  4  9  5 16 1e 10 18  6
  112:  2  8 15 22  4  9  6 16  5 10 18 1e
  113:  2  8 15 22  4  9 16  6  5 10 18 1e
  114:  2  8 15 22  4  9 16 1e  5 10 18  6
  115:  2  8 15 22  4  9 1e 16  5 10 18  6
  116:  2  8 15 22  5  4 16 10  6  9 18 1e
  117:  2  8 15 22  5  4 16 10 1e  9 18  6
  118:  2  8 15 22  5  9  6 16  4 10 18 1e
  119:  2  8 15 22  5  9  6 16 1e 10 18  4
  120:  2  8 15 22  5  9 16  4  6 10 18 1e
  121:  2  8 15 22  5  9 16  4 1e 10 18  6
  122:  2  8 15 22  5  9 16  6  4 10 18 1e
  123:  2  8 15 22  5  9 16  6 1e 10 18  4
  124:  2  8 15 22  5  9 16 1e  4 10 18  6
  125:  2  8 15 22  5  9 16 1e  6 10 18  4
  126:  2  8 15 22  5  9 1e 16  4 10 18  6
  127:  2  8 15 22  5  9 1e 16  6 10 18  4
  128:  2  8 15 22 18  4  5 16  6  9 10 1e
  129:  2  8 15 22 18  4  5 16 1e  9 10  6
  130:  2  8 15 22 18  4  6 16  5  9 10 1e
  131:  2  8 15 22 18  4 16  6  5  9 10 1e
  132:  2  8 15 22 18  4 16 1e  5  9 10  6
  133:  2  8 15 22 18  4 1e 16  5  9 10  6
  134:  2  8 16 10 15  4  5  6 1e  9 18 22
  135:  2  8 16 10 15  4  5 1e  6  9 18 22
  136:  2  8 16 10 15  4  6 1e  5  9 18 22
  137:  2  8 16 10 15  4 1e  6  5  9 18 22
  138:  2  8 16 10 15  9  5  4  6 22 18 1e
  139:  2  8 16 10 15  9  5  4 1e 22 18  6
  140:  2  8 16 10 15  9  5  6  4 22 18 1e
  141:  2  8 16 10 15  9  5  6 1e 22 18  4
  142:  2  8 16 10 15  9  5 1e  4 22 18  6
  143:  2  8 16 10 15  9  5 1e  6 22 18  4
  144:  2  8 16 10 15  9  6  4  5 22 18 1e
  145:  2  8 16 10 15  9  6 1e  5 22 18  4
  146:  2  8 16 10 15  9 1e  4  5 22 18  6
  147:  2  8 16 10 15  9 1e  6  5 22 18  4
  148:  2  8 16 15  4  9  5  6 1e 10 18 22
  149:  2  8 16 15  4  9  5 10  6 22 18 1e
  150:  2  8 16 15  4  9  5 10 1e 22 18  6
  151:  2  8 16 15  4  9  5 1e  6 10 18 22
  152:  2  8 16 15  4  9  6 10  5 22 18 1e
  153:  2  8 16 15  4  9  6 1e  5 10 18 22
  154:  2  8 16 15  4  9 1e  6  5 10 18 22
  155:  2  8 16 15  4  9 1e 10  5 22 18  6
  156:  2  8 16 15  5  4  6 10 1e  9 18 22
  157:  2  8 16 15  5  4 1e 10  6  9 18 22
  158:  2  8 16 15  5  9  6  4 1e 10 18 22
  159:  2  8 16 15  5  9  6 10  4 22 18 1e
  160:  2  8 16 15  5  9  6 10 1e 22 18  4
  161:  2  8 16 15  5  9  6 1e  4 10 18 22
  162:  2  8 16 15  5  9 1e  4  6 10 18 22
  163:  2  8 16 15  5  9 1e  6  4 10 18 22
  164:  2  8 16 15  5  9 1e 10  4 22 18  6
  165:  2  8 16 15  5  9 1e 10  6 22 18  4
  166:  2  8 16 15 18  4  5  6 1e  9 10 22
  167:  2  8 16 15 18  4  5 1e  6  9 10 22
  168:  2  8 16 15 18  4  6 1e  5  9 10 22
  169:  2  8 16 15 18  4 1e  6  5  9 10 22
  170:  2  8 16 15 18  9  5  4  6 22 10 1e
  171:  2  8 16 15 18  9  5  4 1e 22 10  6
  172:  2  8 16 15 18  9  5  6  4 22 10 1e
  173:  2  8 16 15 18  9  5  6 1e 22 10  4
  174:  2  8 16 15 18  9  5 1e  4 22 10  6
  175:  2  8 16 15 18  9  5 1e  6 22 10  4
  176:  2  8 16 15 18  9  6  4  5 22 10 1e
  177:  2  8 16 15 18  9  6 1e  5 22 10  4
  178:  2  8 16 15 18  9 1e  4  5 22 10  6
  179:  2  8 16 15 18  9 1e  6  5 22 10  4
  180:  2  8 16 18 15  4  5  6 1e  9 10 22
  181:  2  8 16 18 15  4  5 1e  6  9 10 22
  182:  2  8 16 18 15  4  6 1e  5  9 10 22
  183:  2  8 16 18 15  4 1e  6  5  9 10 22
  184:  2  8 16 18 15  9  5  4  6 22 10 1e
  185:  2  8 16 18 15  9  5  4 1e 22 10  6
  186:  2  8 16 18 15  9  5  6  4 22 10 1e
  187:  2  8 16 18 15  9  5  6 1e 22 10  4
  188:  2  8 16 18 15  9  5 1e  4 22 10  6
  189:  2  8 16 18 15  9  5 1e  6 22 10  4
  190:  2  8 16 18 15  9  6  4  5 22 10 1e
  191:  2  8 16 18 15  9  6 1e  5 22 10  4
  192:  2  8 16 18 15  9 1e  4  5 22 10  6
  193:  2  8 16 18 15  9 1e  6  5 22 10  4
  194:  2  8 16 22 15  4  5 10  6  9 18 1e
  195:  2  8 16 22 15  4  5 10 1e  9 18  6
  196:  2  8 16 22 15  4  6 10  5  9 18 1e
  197:  2  8 16 22 15  4 1e 10  5  9 18  6
  198:  2  8 16 22 15  9  5  4  6 10 18 1e
  199:  2  8 16 22 15  9  5  4 1e 10 18  6
  200:  2  8 16 22 15  9  5  6  4 10 18 1e
  201:  2  8 16 22 15  9  5  6 1e 10 18  4
  202:  2  8 16 22 15  9  5 1e  4 10 18  6
  203:  2  8 16 22 15  9  5 1e  6 10 18  4
  204:  2  8 16 22 15  9  6  4  5 10 18 1e
  205:  2  8 16 22 15  9  6 1e  5 10 18  4
  206:  2  8 16 22 15  9 1e  4  5 10 18  6
  207:  2  8 16 22 15  9 1e  6  5 10 18  4
  208:  2  8 18 15  4  9  5 16  6 22 10 1e
  209:  2  8 18 15  4  9  5 16 1e 22 10  6
  210:  2  8 18 15  4  9  6 16  5 22 10 1e
  211:  2  8 18 15  4  9 16  6  5 22 10 1e
  212:  2  8 18 15  4  9 16 1e  5 22 10  6
  213:  2  8 18 15  4  9 1e 16  5 22 10  6
  214:  2  8 18 15  5  4  6 16 1e  9 10 22
  215:  2  8 18 15  5  4 16  6 1e  9 10 22
  216:  2  8 18 15  5  4 16 1e  6  9 10 22
  217:  2  8 18 15  5  4 1e 16  6  9 10 22
  218:  2  8 18 15  5  9  6 16  4 22 10 1e
  219:  2  8 18 15  5  9  6 16 1e 22 10  4
  220:  2  8 18 15  5  9 16  4  6 22 10 1e
  221:  2  8 18 15  5  9 16  4 1e 22 10  6
  222:  2  8 18 15  5  9 16  6  4 22 10 1e
  223:  2  8 18 15  5  9 16  6 1e 22 10  4
  224:  2  8 18 15  5  9 16 1e  4 22 10  6
  225:  2  8 18 15  5  9 16 1e  6 22 10  4
  226:  2  8 18 15  5  9 1e 16  4 22 10  6
  227:  2  8 18 15  5  9 1e 16  6 22 10  4
  228:  2  8 18 16 15  4  5  6 1e  9 10 22
  229:  2  8 18 16 15  4  5 1e  6  9 10 22
  230:  2  8 18 16 15  4  6 1e  5  9 10 22
  231:  2  8 18 16 15  4 1e  6  5  9 10 22
  232:  2  8 18 16 15  9  5  4  6 22 10 1e
  233:  2  8 18 16 15  9  5  4 1e 22 10  6
  234:  2  8 18 16 15  9  5  6  4 22 10 1e
  235:  2  8 18 16 15  9  5  6 1e 22 10  4
  236:  2  8 18 16 15  9  5 1e  4 22 10  6
  237:  2  8 18 16 15  9  5 1e  6 22 10  4
  238:  2  8 18 16 15  9  6  4  5 22 10 1e
  239:  2  8 18 16 15  9  6 1e  5 22 10  4
  240:  2  8 18 16 15  9 1e  4  5 22 10  6
  241:  2  8 18 16 15  9 1e  6  5 22 10  4
  242:  2  8 18 22 15  4  5 16  6  9 10 1e
  243:  2  8 18 22 15  4  5 16 1e  9 10  6
  244:  2  8 18 22 15  4  6 16  5  9 10 1e
  245:  2  8 18 22 15  4 16  6  5  9 10 1e
  246:  2  8 18 22 15  4 16 1e  5  9 10  6
  247:  2  8 18 22 15  4 1e 16  5  9 10  6
  248:  2 10  4 15  5  9  8 16  6 22 18 1e
  249:  2 10  4 15  5  9  8 16 1e 22 18  6
  250:  2 10  4 15  5  9 16  8  6 22 18 1e
  251:  2 10  4 15  5  9 16  8 1e 22 18  6
  252:  2 10  4 15  8  9  5 16  6 22 18 1e
  253:  2 10  4 15  8  9  5 16 1e 22 18  6
  254:  2 10  4 15  8  9  6 16  5 22 18 1e
  255:  2 10  4 15  8  9 16  6  5 22 18 1e
  256:  2 10  4 15  8  9 16 1e  5 22 18  6
  257:  2 10  4 15  8  9 1e 16  5 22 18  6
  258:  2 10  4 16 15  9  5  8  6 22 18 1e
  259:  2 10  4 16 15  9  5  8 1e 22 18  6
  260:  2 10  4 16 15  9  6  8  5 22 18 1e
  261:  2 10  4 16 15  9  8  6  5 22 18 1e
  262:  2 10  4 16 15  9  8 1e  5 22 18  6
  263:  2 10  4 16 15  9 1e  8  5 22 18  6
  264:  2 10  8 15  4  9  5 16  6 22 18 1e
  265:  2 10  8 15  4  9  5 16 1e 22 18  6
  266:  2 10  8 15  4  9  6 16  5 22 18 1e
  267:  2 10  8 15  4  9 16  6  5 22 18 1e
  268:  2 10  8 15  4  9 16 1e  5 22 18  6
  269:  2 10  8 15  4  9 1e 16  5 22 18  6
  270:  2 10  8 15  5  4  6 16 1e  9 18 22
  271:  2 10  8 15  5  4 16  6 1e  9 18 22
  272:  2 10  8 15  5  4 16 1e  6  9 18 22
  273:  2 10  8 15  5  4 1e 16  6  9 18 22
  274:  2 10  8 15  5  9  6 16  4 22 18 1e
  275:  2 10  8 15  5  9  6 16 1e 22 18  4
  276:  2 10  8 15  5  9 16  4  6 22 18 1e
  277:  2 10  8 15  5  9 16  4 1e 22 18  6
  278:  2 10  8 15  5  9 16  6  4 22 18 1e
  279:  2 10  8 15  5  9 16  6 1e 22 18  4
  280:  2 10  8 15  5  9 16 1e  4 22 18  6
  281:  2 10  8 15  5  9 16 1e  6 22 18  4
  282:  2 10  8 15  5  9 1e 16  4 22 18  6
  283:  2 10  8 15  5  9 1e 16  6 22 18  4
  284:  2 10  8 16 15  4  5  6 1e  9 18 22
  285:  2 10  8 16 15  4  5 1e  6  9 18 22
  286:  2 10  8 16 15  4  6 1e  5  9 18 22
  287:  2 10  8 16 15  4 1e  6  5  9 18 22
  288:  2 10  8 16 15  9  5  4  6 22 18 1e
  289:  2 10  8 16 15  9  5  4 1e 22 18  6
  290:  2 10  8 16 15  9  5  6  4 22 18 1e
  291:  2 10  8 16 15  9  5  6 1e 22 18  4
  292:  2 10  8 16 15  9  5 1e  4 22 18  6
  293:  2 10  8 16 15  9  5 1e  6 22 18  4
  294:  2 10  8 16 15  9  6  4  5 22 18 1e
  295:  2 10  8 16 15  9  6 1e  5 22 18  4
  296:  2 10  8 16 15  9 1e  4  5 22 18  6
  297:  2 10  8 16 15  9 1e  6  5 22 18  4
  298:  2 10  8 22 15  4  5 16  6  9 18 1e
  299:  2 10  8 22 15  4  5 16 1e  9 18  6
  300:  2 10  8 22 15  4  6 16  5  9 18 1e
  301:  2 10  8 22 15  4 16  6  5  9 18 1e
  302:  2 10  8 22 15  4 16 1e  5  9 18  6
  303:  2 10  8 22 15  4 1e 16  5  9 18  6
  304:  2 10 15 16  4  9  5  8  6 22 18 1e
  305:  2 10 15 16  4  9  5  8 1e 22 18  6
  306:  2 10 15 16  4  9  6  8  5 22 18 1e
  307:  2 10 15 16  4  9  8  6  5 22 18 1e
  308:  2 10 15 16  4  9  8 1e  5 22 18  6
  309:  2 10 15 16  4  9 1e  8  5 22 18  6
  310:  2 10 15 16  5  4  6  8 1e  9 18 22
  311:  2 10 15 16  5  4  8  6 1e  9 18 22
  312:  2 10 15 16  5  4  8 1e  6  9 18 22
  313:  2 10 15 16  5  4 1e  8  6  9 18 22
  314:  2 10 15 16  5  9  6  8  4 22 18 1e
  315:  2 10 15 16  5  9  6  8 1e 22 18  4
  316:  2 10 15 16  5  9  8  4  6 22 18 1e
  317:  2 10 15 16  5  9  8  4 1e 22 18  6
  318:  2 10 15 16  5  9  8  6  4 22 18 1e
  319:  2 10 15 16  5  9  8  6 1e 22 18  4
  320:  2 10 15 16  5  9  8 1e  4 22 18  6
  321:  2 10 15 16  5  9  8 1e  6 22 18  4
  322:  2 10 15 16  5  9 1e  8  4 22 18  6
  323:  2 10 15 16  5  9 1e  8  6 22 18  4
  324:  2 10 15 16  8  4  5  6 1e  9 18 22
  325:  2 10 15 16  8  4  5 1e  6  9 18 22
  326:  2 10 15 16  8  4  6 1e  5  9 18 22
  327:  2 10 15 16  8  4 1e  6  5  9 18 22
  328:  2 10 15 16  8  9  5  4  6 22 18 1e
  329:  2 10 15 16  8  9  5  4 1e 22 18  6
  330:  2 10 15 16  8  9  5  6  4 22 18 1e
  331:  2 10 15 16  8  9  5  6 1e 22 18  4
  332:  2 10 15 16  8  9  5 1e  4 22 18  6
  333:  2 10 15 16  8  9  5 1e  6 22 18  4
  334:  2 10 15 16  8  9  6  4  5 22 18 1e
  335:  2 10 15 16  8  9  6 1e  5 22 18  4
  336:  2 10 15 16  8  9 1e  4  5 22 18  6
  337:  2 10 15 16  8  9 1e  6  5 22 18  4
  338:  2 10 15 22  5  4  8 16  6  9 18 1e
  339:  2 10 15 22  5  4  8 16 1e  9 18  6
  340:  2 10 15 22  5  4 16  8  6  9 18 1e
  341:  2 10 15 22  5  4 16  8 1e  9 18  6
  342:  2 10 15 22  8  4  5 16  6  9 18 1e
  343:  2 10 15 22  8  4  5 16 1e  9 18  6
  344:  2 10 15 22  8  4  6 16  5  9 18 1e
  345:  2 10 15 22  8  4 16  6  5  9 18 1e
  346:  2 10 15 22  8  4 16 1e  5  9 18  6
  347:  2 10 15 22  8  4 1e 16  5  9 18  6
  348:  2 10 16 15  4  9  5  8  6 22 18 1e
  349:  2 10 16 15  4  9  5  8 1e 22 18  6
  350:  2 10 16 15  4  9  6  8  5 22 18 1e
  351:  2 10 16 15  4  9  8  6  5 22 18 1e
  352:  2 10 16 15  4  9  8 1e  5 22 18  6
  353:  2 10 16 15  4  9 1e  8  5 22 18  6
  354:  2 10 16 15  5  4  6  8 1e  9 18 22
  355:  2 10 16 15  5  4  8  6 1e  9 18 22
  356:  2 10 16 15  5  4  8 1e  6  9 18 22
  357:  2 10 16 15  5  4 1e  8  6  9 18 22
  358:  2 10 16 15  5  9  6  8  4 22 18 1e
  359:  2 10 16 15  5  9  6  8 1e 22 18  4
  360:  2 10 16 15  5  9  8  4  6 22 18 1e
  361:  2 10 16 15  5  9  8  4 1e 22 18  6
  362:  2 10 16 15  5  9  8  6  4 22 18 1e
  363:  2 10 16 15  5  9  8  6 1e 22 18  4
  364:  2 10 16 15  5  9  8 1e  4 22 18  6
  365:  2 10 16 15  5  9  8 1e  6 22 18  4
  366:  2 10 16 15  5  9 1e  8  4 22 18  6
  367:  2 10 16 15  5  9 1e  8  6 22 18  4
  368:  2 10 16 15  8  4  5  6 1e  9 18 22
  369:  2 10 16 15  8  4  5 1e  6  9 18 22
  370:  2 10 16 15  8  4  6 1e  5  9 18 22
  371:  2 10 16 15  8  4 1e  6  5  9 18 22
  372:  2 10 16 15  8  9  5  4  6 22 18 1e
  373:  2 10 16 15  8  9  5  4 1e 22 18  6
  374:  2 10 16 15  8  9  5  6  4 22 18 1e
  375:  2 10 16 15  8  9  5  6 1e 22 18  4
  376:  2 10 16 15  8  9  5 1e  4 22 18  6
  377:  2 10 16 15  8  9  5 1e  6 22 18  4
  378:  2 10 16 15  8  9  6  4  5 22 18 1e
  379:  2 10 16 15  8  9  6 1e  5 22 18  4
  380:  2 10 16 15  8  9 1e  4  5 22 18  6
  381:  2 10 16 15  8  9 1e  6  5 22 18  4
  382:  2 10 16 22 15  4  5  8  6  9 18 1e
  383:  2 10 16 22 15  4  5  8 1e  9 18  6
  384:  2 10 16 22 15  4  6  8  5  9 18 1e
  385:  2 10 16 22 15  4  8  6  5  9 18 1e
  386:  2 10 16 22 15  4  8 1e  5  9 18  6
  387:  2 10 16 22 15  4 1e  8  5  9 18  6
  388:  2 15  4 10  5  9  8 16  6 22 18 1e
  389:  2 15  4 10  5  9  8 16 1e 22 18  6
  390:  2 15  4 10  5  9 16  8  6 22 18 1e
  391:  2 15  4 10  5  9 16  8 1e 22 18  6
  392:  2 15  4 10  8  9  5 16  6 22 18 1e
  393:  2 15  4 10  8  9  5 16 1e 22 18  6
  394:  2 15  4 10  8  9  6 16  5 22 18 1e
  395:  2 15  4 10  8  9 16  6  5 22 18 1e
  396:  2 15  4 10  8  9 16 1e  5 22 18  6
  397:  2 15  4 10  8  9 1e 16  5 22 18  6
  398:  2 15  4 16  5  9  6  8 1e 10 18 22
  399:  2 15  4 16  5  9  8  6 1e 10 18 22
  400:  2 15  4 16  5  9  8 10  6 22 18 1e
  401:  2 15  4 16  5  9  8 10 1e 22 18  6
  402:  2 15  4 16  5  9  8 1e  6 10 18 22
  403:  2 15  4 16  5  9 1e  8  6 10 18 22
  404:  2 15  4 16  8  9  5  6 1e 10 18 22
  405:  2 15  4 16  8  9  5 10  6 22 18 1e
  406:  2 15  4 16  8  9  5 10 1e 22 18  6
  407:  2 15  4 16  8  9  5 1e  6 10 18 22
  408:  2 15  4 16  8  9  6 10  5 22 18 1e
  409:  2 15  4 16  8  9  6 1e  5 10 18 22
  410:  2 15  4 16  8  9 1e  6  5 10 18 22
  411:  2 15  4 16  8  9 1e 10  5 22 18  6
  412:  2 15  4 16 18  9  5  8  6 22 10 1e
  413:  2 15  4 16 18  9  5  8 1e 22 10  6
  414:  2 15  4 16 18  9  6  8  5 22 10 1e
  415:  2 15  4 16 18  9  8  6  5 22 10 1e
  416:  2 15  4 16 18  9  8 1e  5 22 10  6
  417:  2 15  4 16 18  9 1e  8  5 22 10  6
  418:  2 15  4 18  5  9  8 16  6 22 10 1e
  419:  2 15  4 18  5  9  8 16 1e 22 10  6
  420:  2 15  4 18  5  9 16  8  6 22 10 1e
  421:  2 15  4 18  5  9 16  8 1e 22 10  6
  422:  2 15  4 18  8  9  5 16  6 22 10 1e
  423:  2 15  4 18  8  9  5 16 1e 22 10  6
  424:  2 15  4 18  8  9  6 16  5 22 10 1e
  425:  2 15  4 18  8  9 16  6  5 22 10 1e
  426:  2 15  4 18  8  9 16 1e  5 22 10  6
  427:  2 15  4 18  8  9 1e 16  5 22 10  6
  428:  2 15  4 22  5  9  8 16  6 10 18 1e
  429:  2 15  4 22  5  9  8 16 1e 10 18  6
  430:  2 15  4 22  5  9 16  8  6 10 18 1e
  431:  2 15  4 22  5  9 16  8 1e 10 18  6
  432:  2 15  4 22  8  9  5 16  6 10 18 1e
  433:  2 15  4 22  8  9  5 16 1e 10 18  6
  434:  2 15  4 22  8  9  6 16  5 10 18 1e
  435:  2 15  4 22  8  9 16  6  5 10 18 1e
  436:  2 15  4 22  8  9 16 1e  5 10 18  6
  437:  2 15  4 22  8  9 1e 16  5 10 18  6
  438:  2 15  8 10  4  9  5 16  6 22 18 1e
  439:  2 15  8 10  4  9  5 16 1e 22 18  6
  440:  2 15  8 10  4  9  6 16  5 22 18 1e
  441:  2 15  8 10  4  9 16  6  5 22 18 1e
  442:  2 15  8 10  4  9 16 1e  5 22 18  6
  443:  2 15  8 10  4  9 1e 16  5 22 18  6
  444:  2 15  8 10  5  4  6 16 1e  9 18 22
  445:  2 15  8 10  5  4 16  6 1e  9 18 22
  446:  2 15  8 10  5  4 16 1e  6  9 18 22
  447:  2 15  8 10  5  4 1e 16  6  9 18 22
  448:  2 15  8 10  5  9  6 16  4 22 18 1e
  449:  2 15  8 10  5  9  6 16 1e 22 18  4
  450:  2 15  8 10  5  9 16  4  6 22 18 1e
  451:  2 15  8 10  5  9 16  4 1e 22 18  6
  452:  2 15  8 10  5  9 16  6  4 22 18 1e
  453:  2 15  8 10  5  9 16  6 1e 22 18  4
  454:  2 15  8 10  5  9 16 1e  4 22 18  6
  455:  2 15  8 10  5  9 16 1e  6 22 18  4
  456:  2 15  8 10  5  9 1e 16  4 22 18  6
  457:  2 15  8 10  5  9 1e 16  6 22 18  4
  458:  2 15  8 16  4  9  5  6 1e 10 18 22
  459:  2 15  8 16  4  9  5 10  6 22 18 1e
  460:  2 15  8 16  4  9  5 10 1e 22 18  6
  461:  2 15  8 16  4  9  5 1e  6 10 18 22
  462:  2 15  8 16  4  9  6 10  5 22 18 1e
  463:  2 15  8 16  4  9  6 1e  5 10 18 22
  464:  2 15  8 16  4  9 1e  6  5 10 18 22
  465:  2 15  8 16  4  9 1e 10  5 22 18  6
  466:  2 15  8 16  5  4  6 10 1e  9 18 22
  467:  2 15  8 16  5  4 1e 10  6  9 18 22
  468:  2 15  8 16  5  9  6  4 1e 10 18 22
  469:  2 15  8 16  5  9  6 10  4 22 18 1e
  470:  2 15  8 16  5  9  6 10 1e 22 18  4
  471:  2 15  8 16  5  9  6 1e  4 10 18 22
  472:  2 15  8 16  5  9 1e  4  6 10 18 22
  473:  2 15  8 16  5  9 1e  6  4 10 18 22
  474:  2 15  8 16  5  9 1e 10  4 22 18  6
  475:  2 15  8 16  5  9 1e 10  6 22 18  4
  476:  2 15  8 16 18  4  5  6 1e  9 10 22
  477:  2 15  8 16 18  4  5 1e  6  9 10 22
  478:  2 15  8 16 18  4  6 1e  5  9 10 22
  479:  2 15  8 16 18  4 1e  6  5  9 10 22
  480:  2 15  8 16 18  9  5  4  6 22 10 1e
  481:  2 15  8 16 18  9  5  4 1e 22 10  6
  482:  2 15  8 16 18  9  5  6  4 22 10 1e
  483:  2 15  8 16 18  9  5  6 1e 22 10  4
  484:  2 15  8 16 18  9  5 1e  4 22 10  6
  485:  2 15  8 16 18  9  5 1e  6 22 10  4
  486:  2 15  8 16 18  9  6  4  5 22 10 1e
  487:  2 15  8 16 18  9  6 1e  5 22 10  4
  488:  2 15  8 16 18  9 1e  4  5 22 10  6
  489:  2 15  8 16 18  9 1e  6  5 22 10  4
  490:  2 15  8 18  4  9  5 16  6 22 10 1e
  491:  2 15  8 18  4  9  5 16 1e 22 10  6
  492:  2 15  8 18  4  9  6 16  5 22 10 1e
  493:  2 15  8 18  4  9 16  6  5 22 10 1e
  494:  2 15  8 18  4  9 16 1e  5 22 10  6
  495:  2 15  8 18  4  9 1e 16  5 22 10  6
  496:  2 15  8 18  5  4  6 16 1e  9 10 22
  497:  2 15  8 18  5  4 16  6 1e  9 10 22
  498:  2 15  8 18  5  4 16 1e  6  9 10 22
  499:  2 15  8 18  5  4 1e 16  6  9 10 22
  500:  2 15  8 18  5  9  6 16  4 22 10 1e
  501:  2 15  8 18  5  9  6 16 1e 22 10  4
  502:  2 15  8 18  5  9 16  4  6 22 10 1e
  503:  2 15  8 18  5  9 16  4 1e 22 10  6
  504:  2 15  8 18  5  9 16  6  4 22 10 1e
  505:  2 15  8 18  5  9 16  6 1e 22 10  4
  506:  2 15  8 18  5  9 16 1e  4 22 10  6
  507:  2 15  8 18  5  9 16 1e  6 22 10  4
  508:  2 15  8 18  5  9 1e 16  4 22 10  6
  509:  2 15  8 18  5  9 1e 16  6 22 10  4
  510:  2 15  8 22  4  9  5 16  6 10 18 1e
  511:  2 15  8 22  4  9  5 16 1e 10 18  6
  512:  2 15  8 22  4  9  6 16  5 10 18 1e
  513:  2 15  8 22  4  9 16  6  5 10 18 1e
  514:  2 15  8 22  4  9 16 1e  5 10 18  6
  515:  2 15  8 22  4  9 1e 16  5 10 18  6
  516:  2 15  8 22  5  4 16 10  6  9 18 1e
  517:  2 15  8 22  5  4 16 10 1e  9 18  6
  518:  2 15  8 22  5  9  6 16  4 10 18 1e
  519:  2 15  8 22  5  9  6 16 1e 10 18  4
  520:  2 15  8 22  5  9 16  4  6 10 18 1e
  521:  2 15  8 22  5  9 16  4 1e 10 18  6
  522:  2 15  8 22  5  9 16  6  4 10 18 1e
  523:  2 15  8 22  5  9 16  6 1e 10 18  4
  524:  2 15  8 22  5  9 16 1e  4 10 18  6
  525:  2 15  8 22  5  9 16 1e  6 10 18  4
  526:  2 15  8 22  5  9 1e 16  4 10 18  6
  527:  2 15  8 22  5  9 1e 16  6 10 18  4
  528:  2 15  8 22 18  4  5 16  6  9 10 1e
  529:  2 15  8 22 18  4  5 16 1e  9 10  6
  530:  2 15  8 22 18  4  6 16  5  9 10 1e
  531:  2 15  8 22 18  4 16  6  5  9 10 1e
  532:  2 15  8 22 18  4 16 1e  5  9 10  6
  533:  2 15  8 22 18  4 1e 16  5  9 10  6
  534:  2 15 16 10  4  9  5  8  6 22 18 1e
  535:  2 15 16 10  4  9  5  8 1e 22 18  6
  536:  2 15 16 10  4  9  6  8  5 22 18 1e
  537:  2 15 16 10  4  9  8  6  5 22 18 1e
  538:  2 15 16 10  4  9  8 1e  5 22 18  6
  539:  2 15 16 10  4  9 1e  8  5 22 18  6
  540:  2 15 16 10  5  4  6  8 1e  9 18 22
  541:  2 15 16 10  5  4  8  6 1e  9 18 22
  542:  2 15 16 10  5  4  8 1e  6  9 18 22
  543:  2 15 16 10  5  4 1e  8  6  9 18 22
  544:  2 15 16 10  5  9  6  8  4 22 18 1e
  545:  2 15 16 10  5  9  6  8 1e 22 18  4
  546:  2 15 16 10  5  9  8  4  6 22 18 1e
  547:  2 15 16 10  5  9  8  4 1e 22 18  6
  548:  2 15 16 10  5  9  8  6  4 22 18 1e
  549:  2 15 16 10  5  9  8  6 1e 22 18  4
  550:  2 15 16 10  5  9  8 1e  4 22 18  6
  551:  2 15 16 10  5  9  8 1e  6 22 18  4
  552:  2 15 16 10  5  9 1e  8  4 22 18  6
  553:  2 15 16 10  5  9 1e  8  6 22 18  4
  554:  2 15 16 10  8  4  5  6 1e  9 18 22
  555:  2 15 16 10  8  4  5 1e  6  9 18 22
  556:  2 15 16 10  8  4  6 1e  5  9 18 22
  557:  2 15 16 10  8  4 1e  6  5  9 18 22
  558:  2 15 16 10  8  9  5  4  6 22 18 1e
  559:  2 15 16 10  8  9  5  4 1e 22 18  6
  560:  2 15 16 10  8  9  5  6  4 22 18 1e
  561:  2 15 16 10  8  9  5  6 1e 22 18  4
  562:  2 15 16 10  8  9  5 1e  4 22 18  6
  563:  2 15 16 10  8  9  5 1e  6 22 18  4
  564:  2 15 16 10  8  9  6  4  5 22 18 1e
  565:  2 15 16 10  8  9  6 1e  5 22 18  4
  566:  2 15 16 10  8  9 1e  4  5 22 18  6
  567:  2 15 16 10  8  9 1e  6  5 22 18  4
  568:  2 15 16 18  4  9  5  8  6 22 10 1e
  569:  2 15 16 18  4  9  5  8 1e 22 10  6
  570:  2 15 16 18  4  9  6  8  5 22 10 1e
  571:  2 15 16 18  4  9  8  6  5 22 10 1e
  572:  2 15 16 18  4  9  8 1e  5 22 10  6
  573:  2 15 16 18  4  9 1e  8  5 22 10  6
  574:  2 15 16 18  5  4  6  8 1e  9 10 22
  575:  2 15 16 18  5  4  8  6 1e  9 10 22
  576:  2 15 16 18  5  4  8 1e  6  9 10 22
  577:  2 15 16 18  5  4 1e  8  6  9 10 22
  578:  2 15 16 18  5  9  6  8  4 22 10 1e
  579:  2 15 16 18  5  9  6  8 1e 22 10  4
  580:  2 15 16 18  5  9  8  4  6 22 10 1e
  581:  2 15 16 18  5  9  8  4 1e 22 10  6
  582:  2 15 16 18  5  9  8  6  4 22 10 1e
  583:  2 15 16 18  5  9  8  6 1e 22 10  4
  584:  2 15 16 18  5  9  8 1e  4 22 10  6
  585:  2 15 16 18  5  9  8 1e  6 22 10  4
  586:  2 15 16 18  5  9 1e  8  4 22 10  6
  587:  2 15 16 18  5  9 1e  8  6 22 10  4
  588:  2 15 16 18  8  4  5  6 1e  9 10 22
  589:  2 15 16 18  8  4  5 1e  6  9 10 22
  590:  2 15 16 18  8  4  6 1e  5  9 10 22
  591:  2 15 16 18  8  4 1e  6  5  9 10 22
  592:  2 15 16 18  8  9  5  4  6 22 10 1e
  593:  2 15 16 18  8  9  5  4 1e 22 10  6
  594:  2 15 16 18  8  9  5  6  4 22 10 1e
  595:  2 15 16 18  8  9  5  6 1e 22 10  4
  596:  2 15 16 18  8  9  5 1e  4 22 10  6
  597:  2 15 16 18  8  9  5 1e  6 22 10  4
  598:  2 15 16 18  8  9  6  4  5 22 10 1e
  599:  2 15 16 18  8  9  6 1e  5 22 10  4
  600:  2 15 16 18  8  9 1e  4  5 22 10  6
  601:  2 15 16 18  8  9 1e  6  5 22 10  4
  602:  2 15 16 22  4  9  5  8  6 10 18 1e
  603:  2 15 16 22  4  9  5  8 1e 10 18  6
  604:  2 15 16 22  4  9  6  8  5 10 18 1e
  605:  2 15 16 22  4  9  8  6  5 10 18 1e
  606:  2 15 16 22  4  9  8 1e  5 10 18  6
  607:  2 15 16 22  4  9 1e  8  5 10 18  6
  608:  2 15 16 22  5  4  8 10  6  9 18 1e
  609:  2 15 16 22  5  4  8 10 1e  9 18  6
  610:  2 15 16 22  5  9  6  8  4 10 18 1e
  611:  2 15 16 22  5  9  6  8 1e 10 18  4
  612:  2 15 16 22  5  9  8  4  6 10 18 1e
  613:  2 15 16 22  5  9  8  4 1e 10 18  6
  614:  2 15 16 22  5  9  8  6  4 10 18 1e
  615:  2 15 16 22  5  9  8  6 1e 10 18  4
  616:  2 15 16 22  5  9  8 1e  4 10 18  6
  617:  2 15 16 22  5  9  8 1e  6 10 18  4
  618:  2 15 16 22  5  9 1e  8  4 10 18  6
  619:  2 15 16 22  5  9 1e  8  6 10 18  4
  620:  2 15 16 22  8  4  5 10  6  9 18 1e
  621:  2 15 16 22  8  4  5 10 1e  9 18  6
  622:  2 15 16 22  8  4  6 10  5  9 18 1e
  623:  2 15 16 22  8  4 1e 10  5  9 18  6
  624:  2 15 16 22  8  9  5  4  6 10 18 1e
  625:  2 15 16 22  8  9  5  4 1e 10 18  6
  626:  2 15 16 22  8  9  5  6  4 10 18 1e
  627:  2 15 16 22  8  9  5  6 1e 10 18  4
  628:  2 15 16 22  8  9  5 1e  4 10 18  6
  629:  2 15 16 22  8  9  5 1e  6 10 18  4
  630:  2 15 16 22  8  9  6  4  5 10 18 1e
  631:  2 15 16 22  8  9  6 1e  5 10 18  4
  632:  2 15 16 22  8  9 1e  4  5 10 18  6
  633:  2 15 16 22  8  9 1e  6  5 10 18  4
  634:  2 15 16 22 18  4  5  8  6  9 10 1e
  635:  2 15 16 22 18  4  5  8 1e  9 10  6
  636:  2 15 16 22 18  4  6  8  5  9 10 1e
  637:  2 15 16 22 18  4  8  6  5  9 10 1e
  638:  2 15 16 22 18  4  8 1e  5  9 10  6
  639:  2 15 16 22 18  4 1e  8  5  9 10  6
  640:  2 15 18 16  4  9  5  8  6 22 10 1e
  641:  2 15 18 16  4  9  5  8 1e 22 10  6
  642:  2 15 18 16  4  9  6  8  5 22 10 1e
  643:  2 15 18 16  4  9  8  6  5 22 10 1e
  644:  2 15 18 16  4  9  8 1e  5 22 10  6
  645:  2 15 18 16  4  9 1e  8  5 22 10  6
  646:  2 15 18 16  5  4  6  8 1e  9 10 22
  647:  2 15 18 16  5  4  8  6 1e  9 10 22
  648:  2 15 18 16  5  4  8 1e  6  9 10 22
  649:  2 15 18 16  5  4 1e  8  6  9 10 22
  650:  2 15 18 16  5  9  6  8  4 22 10 1e
  651:  2 15 18 16  5  9  6  8 1e 22 10  4
  652:  2 15 18 16  5  9  8  4  6 22 10 1e
  653:  2 15 18 16  5  9  8  4 1e 22 10  6
  654:  2 15 18 16  5  9  8  6  4 22 10 1e
  655:  2 15 18 16  5  9  8  6 1e 22 10  4
  656:  2 15 18 16  5  9  8 1e  4 22 10  6
  657:  2 15 18 16  5  9  8 1e  6 22 10  4
  658:  2 15 18 16  5  9 1e  8  4 22 10  6
  659:  2 15 18 16  5  9 1e  8  6 22 10  4
  660:  2 15 18 16  8  4  5  6 1e  9 10 22
  661:  2 15 18 16  8  4  5 1e  6  9 10 22
  662:  2 15 18 16  8  4  6 1e  5  9 10 22
  663:  2 15 18 16  8  4 1e  6  5  9 10 22
  664:  2 15 18 16  8  9  5  4  6 22 10 1e
  665:  2 15 18 16  8  9  5  4 1e 22 10  6
  666:  2 15 18 16  8  9  5  6  4 22 10 1e
  667:  2 15 18 16  8  9  5  6 1e 22 10  4
  668:  2 15 18 16  8  9  5 1e  4 22 10  6
  669:  2 15 18 16  8  9  5 1e  6 22 10  4
  670:  2 15 18 16  8  9  6  4  5 22 10 1e
  671:  2 15 18 16  8  9  6 1e  5 22 10  4
  672:  2 15 18 16  8  9 1e  4  5 22 10  6
  673:  2 15 18 16  8  9 1e  6  5 22 10  4
  674:  2 15 18 22  5  4  8 16  6  9 10 1e
  675:  2 15 18 22  5  4  8 16 1e  9 10  6
  676:  2 15 18 22  5  4 16  8  6  9 10 1e
  677:  2 15 18 22  5  4 16  8 1e  9 10  6
  678:  2 15 18 22  8  4  5 16  6  9 10 1e
  679:  2 15 18 22  8  4  5 16 1e  9 10  6
  680:  2 15 18 22  8  4  6 16  5  9 10 1e
  681:  2 15 18 22  8  4 16  6  5  9 10 1e
  682:  2 15 18 22  8  4 16 1e  5  9 10  6
  683:  2 15 18 22  8  4 1e 16  5  9 10  6
  684:  2 16  4 10 15  9  5  8  6 22 18 1e
  685:  2 16  4 10 15  9  5  8 1e 22 18  6
  686:  2 16  4 10 15  9  6  8  5 22 18 1e
  687:  2 16  4 10 15  9  8  6  5 22 18 1e
  688:  2 16  4 10 15  9  8 1e  5 22 18  6
  689:  2 16  4 10 15  9 1e  8  5 22 18  6
  690:  2 16  4 15  5  9  6  8 1e 10 18 22
  691:  2 16  4 15  5  9  8  6 1e 10 18 22
  692:  2 16  4 15  5  9  8 10  6 22 18 1e
  693:  2 16  4 15  5  9  8 10 1e 22 18  6
  694:  2 16  4 15  5  9  8 1e  6 10 18 22
  695:  2 16  4 15  5  9 1e  8  6 10 18 22
  696:  2 16  4 15  8  9  5  6 1e 10 18 22
  697:  2 16  4 15  8  9  5 10  6 22 18 1e
  698:  2 16  4 15  8  9  5 10 1e 22 18  6
  699:  2 16  4 15  8  9  5 1e  6 10 18 22
  700:  2 16  4 15  8  9  6 10  5 22 18 1e
  701:  2 16  4 15  8  9  6 1e  5 10 18 22
  702:  2 16  4 15  8  9 1e  6  5 10 18 22
  703:  2 16  4 15  8  9 1e 10  5 22 18  6
  704:  2 16  4 15 18  9  5  8  6 22 10 1e
  705:  2 16  4 15 18  9  5  8 1e 22 10  6
  706:  2 16  4 15 18  9  6  8  5 22 10 1e
  707:  2 16  4 15 18  9  8  6  5 22 10 1e
  708:  2 16  4 15 18  9  8 1e  5 22 10  6
  709:  2 16  4 15 18  9 1e  8  5 22 10  6
  710:  2 16  4 18 15  9  5  8  6 22 10 1e
  711:  2 16  4 18 15  9  5  8 1e 22 10  6
  712:  2 16  4 18 15  9  6  8  5 22 10 1e
  713:  2 16  4 18 15  9  8  6  5 22 10 1e
  714:  2 16  4 18 15  9  8 1e  5 22 10  6
  715:  2 16  4 18 15  9 1e  8  5 22 10  6
  716:  2 16  4 22 15  9  5  8  6 10 18 1e
  717:  2 16  4 22 15  9  5  8 1e 10 18  6
  718:  2 16  4 22 15  9  6  8  5 10 18 1e
  719:  2 16  4 22 15  9  8  6  5 10 18 1e
  720:  2 16  4 22 15  9  8 1e  5 10 18  6
  721:  2 16  4 22 15  9 1e  8  5 10 18  6
  722:  2 16  8 10 15  4  5  6 1e  9 18 22
  723:  2 16  8 10 15  4  5 1e  6  9 18 22
  724:  2 16  8 10 15  4  6 1e  5  9 18 22
  725:  2 16  8 10 15  4 1e  6  5  9 18 22
  726:  2 16  8 10 15  9  5  4  6 22 18 1e
  727:  2 16  8 10 15  9  5  4 1e 22 18  6
  728:  2 16  8 10 15  9  5  6  4 22 18 1e
  729:  2 16  8 10 15  9  5  6 1e 22 18  4
  730:  2 16  8 10 15  9  5 1e  4 22 18  6
  731:  2 16  8 10 15  9  5 1e  6 22 18  4
  732:  2 16  8 10 15  9  6  4  5 22 18 1e
  733:  2 16  8 10 15  9  6 1e  5 22 18  4
  734:  2 16  8 10 15  9 1e  4  5 22 18  6
  735:  2 16  8 10 15  9 1e  6  5 22 18  4
  736:  2 16  8 15  4  9  5  6 1e 10 18 22
  737:  2 16  8 15  4  9  5 10  6 22 18 1e
  738:  2 16  8 15  4  9  5 10 1e 22 18  6
  739:  2 16  8 15  4  9  5 1e  6 10 18 22
  740:  2 16  8 15  4  9  6 10  5 22 18 1e
  741:  2 16  8 15  4  9  6 1e  5 10 18 22
  742:  2 16  8 15  4  9 1e  6  5 10 18 22
  743:  2 16  8 15  4  9 1e 10  5 22 18  6
  744:  2 16  8 15  5  4  6 10 1e  9 18 22
  745:  2 16  8 15  5  4 1e 10  6  9 18 22
  746:  2 16  8 15  5  9  6  4 1e 10 18 22
  747:  2 16  8 15  5  9  6 10  4 22 18 1e
  748:  2 16  8 15  5  9  6 10 1e 22 18  4
  749:  2 16  8 15  5  9  6 1e  4 10 18 22
  750:  2 16  8 15  5  9 1e  4  6 10 18 22
  751:  2 16  8 15  5  9 1e  6  4 10 18 22
  752:  2 16  8 15  5  9 1e 10  4 22 18  6
  753:  2 16  8 15  5  9 1e 10  6 22 18  4
  754:  2 16  8 15 18  4  5  6 1e  9 10 22
  755:  2 16  8 15 18  4  5 1e  6  9 10 22
  756:  2 16  8 15 18  4  6 1e  5  9 10 22
  757:  2 16  8 15 18  4 1e  6  5  9 10 22
  758:  2 16  8 15 18  9  5  4  6 22 10 1e
  759:  2 16  8 15 18  9  5  4 1e 22 10  6
  760:  2 16  8 15 18  9  5  6  4 22 10 1e
  761:  2 16  8 15 18  9  5  6 1e 22 10  4
  762:  2 16  8 15 18  9  5 1e  4 22 10  6
  763:  2 16  8 15 18  9  5 1e  6 22 10  4
  764:  2 16  8 15 18  9  6  4  5 22 10 1e
  765:  2 16  8 15 18  9  6 1e  5 22 10  4
  766:  2 16  8 15 18  9 1e  4  5 22 10  6
  767:  2 16  8 15 18  9 1e  6  5 22 10  4
  768:  2 16  8 18 15  4  5  6 1e  9 10 22
  769:  2 16  8 18 15  4  5 1e  6  9 10 22
  770:  2 16  8 18 15  4  6 1e  5  9 10 22
  771:  2 16  8 18 15  4 1e  6  5  9 10 22
  772:  2 16  8 18 15  9  5  4  6 22 10 1e
  773:  2 16  8 18 15  9  5  4 1e 22 10  6
  774:  2 16  8 18 15  9  5  6  4 22 10 1e
  775:  2 16  8 18 15  9  5  6 1e 22 10  4
  776:  2 16  8 18 15  9  5 1e  4 22 10  6
  777:  2 16  8 18 15  9  5 1e  6 22 10  4
  778:  2 16  8 18 15  9  6  4  5 22 10 1e
  779:  2 16  8 18 15  9  6 1e  5 22 10  4
  780:  2 16  8 18 15  9 1e  4  5 22 10  6
  781:  2 16  8 18 15  9 1e  6  5 22 10  4
  782:  2 16  8 22 15  4  5 10  6  9 18 1e
  783:  2 16  8 22 15  4  5 10 1e  9 18  6
  784:  2 16  8 22 15  4  6 10  5  9 18 1e
  785:  2 16  8 22 15  4 1e 10  5  9 18  6
  786:  2 16  8 22 15  9  5  4  6 10 18 1e
  787:  2 16  8 22 15  9  5  4 1e 10 18  6
  788:  2 16  8 22 15  9  5  6  4 10 18 1e
  789:  2 16  8 22 15  9  5  6 1e 10 18  4
  790:  2 16  8 22 15  9  5 1e  4 10 18  6
  791:  2 16  8 22 15  9  5 1e  6 10 18  4
  792:  2 16  8 22 15  9  6  4  5 10 18 1e
  793:  2 16  8 22 15  9  6 1e  5 10 18  4
  794:  2 16  8 22 15  9 1e  4  5 10 18  6
  795:  2 16  8 22 15  9 1e  6  5 10 18  4
  796:  2 16 15 10  4  9  5  8  6 22 18 1e
  797:  2 16 15 10  4  9  5  8 1e 22 18  6
  798:  2 16 15 10  4  9  6  8  5 22 18 1e
  799:  2 16 15 10  4  9  8  6  5 22 18 1e
  800:  2 16 15 10  4  9  8 1e  5 22 18  6
  801:  2 16 15 10  4  9 1e  8  5 22 18  6
  802:  2 16 15 10  5  4  6  8 1e  9 18 22
  803:  2 16 15 10  5  4  8  6 1e  9 18 22
  804:  2 16 15 10  5  4  8 1e  6  9 18 22
  805:  2 16 15 10  5  4 1e  8  6  9 18 22
  806:  2 16 15 10  5  9  6  8  4 22 18 1e
  807:  2 16 15 10  5  9  6  8 1e 22 18  4
  808:  2 16 15 10  5  9  8  4  6 22 18 1e
  809:  2 16 15 10  5  9  8  4 1e 22 18  6
  810:  2 16 15 10  5  9  8  6  4 22 18 1e
  811:  2 16 15 10  5  9  8  6 1e 22 18  4
  812:  2 16 15 10  5  9  8 1e  4 22 18  6
  813:  2 16 15 10  5  9  8 1e  6 22 18  4
  814:  2 16 15 10  5  9 1e  8  4 22 18  6
  815:  2 16 15 10  5  9 1e  8  6 22 18  4
  816:  2 16 15 10  8  4  5  6 1e  9 18 22
  817:  2 16 15 10  8  4  5 1e  6  9 18 22
  818:  2 16 15 10  8  4  6 1e  5  9 18 22
  819:  2 16 15 10  8  4 1e  6  5  9 18 22
  820:  2 16 15 10  8  9  5  4  6 22 18 1e
  821:  2 16 15 10  8  9  5  4 1e 22 18  6
  822:  2 16 15 10  8  9  5  6  4 22 18 1e
  823:  2 16 15 10  8  9  5  6 1e 22 18  4
  824:  2 16 15 10  8  9  5 1e  4 22 18  6
  825:  2 16 15 10  8  9  5 1e  6 22 18  4
  826:  2 16 15 10  8  9  6  4  5 22 18 1e
  827:  2 16 15 10  8  9  6 1e  5 22 18  4
  828:  2 16 15 10  8  9 1e  4  5 22 18  6
  829:  2 16 15 10  8  9 1e  6  5 22 18  4
  830:  2 16 15 18  4  9  5  8  6 22 10 1e
  831:  2 16 15 18  4  9  5  8 1e 22 10  6
  832:  2 16 15 18  4  9  6  8  5 22 10 1e
  833:  2 16 15 18  4  9  8  6  5 22 10 1e
  834:  2 16 15 18  4  9  8 1e  5 22 10  6
  835:  2 16 15 18  4  9 1e  8  5 22 10  6
  836:  2 16 15 18  5  4  6  8 1e  9 10 22
  837:  2 16 15 18  5  4  8  6 1e  9 10 22
  838:  2 16 15 18  5  4  8 1e  6  9 10 22
  839:  2 16 15 18  5  4 1e  8  6  9 10 22
  840:  2 16 15 18  5  9  6  8  4 22 10 1e
  841:  2 16 15 18  5  9  6  8 1e 22 10  4
  842:  2 16 15 18  5  9  8  4  6 22 10 1e
  843:  2 16 15 18  5  9  8  4 1e 22 10  6
  844:  2 16 15 18  5  9  8  6  4 22 10 1e
  845:  2 16 15 18  5  9  8  6 1e 22 10  4
  846:  2 16 15 18  5  9  8 1e  4 22 10  6
  847:  2 16 15 18  5  9  8 1e  6 22 10  4
  848:  2 16 15 18  5  9 1e  8  4 22 10  6
  849:  2 16 15 18  5  9 1e  8  6 22 10  4
  850:  2 16 15 18  8  4  5  6 1e  9 10 22
  851:  2 16 15 18  8  4  5 1e  6  9 10 22
  852:  2 16 15 18  8  4  6 1e  5  9 10 22
  853:  2 16 15 18  8  4 1e  6  5  9 10 22
  854:  2 16 15 18  8  9  5  4  6 22 10 1e
  855:  2 16 15 18  8  9  5  4 1e 22 10  6
  856:  2 16 15 18  8  9  5  6  4 22 10 1e
  857:  2 16 15 18  8  9  5  6 1e 22 10  4
  858:  2 16 15 18  8  9  5 1e  4 22 10  6
  859:  2 16 15 18  8  9  5 1e  6 22 10  4
  860:  2 16 15 18  8  9  6  4  5 22 10 1e
  861:  2 16 15 18  8  9  6 1e  5 22 10  4
  862:  2 16 15 18  8  9 1e  4  5 22 10  6
  863:  2 16 15 18  8  9 1e  6  5 22 10  4
  864:  2 16 15 22  4  9  5  8  6 10 18 1e
  865:  2 16 15 22  4  9  5  8 1e 10 18  6
  866:  2 16 15 22  4  9  6  8  5 10 18 1e
  867:  2 16 15 22  4  9  8  6  5 10 18 1e
  868:  2 16 15 22  4  9  8 1e  5 10 18  6
  869:  2 16 15 22  4  9 1e  8  5 10 18  6
  870:  2 16 15 22  5  4  8 10  6  9 18 1e
  871:  2 16 15 22  5  4  8 10 1e  9 18  6
  872:  2 16 15 22  5  9  6  8  4 10 18 1e
  873:  2 16 15 22  5  9  6  8 1e 10 18  4
  874:  2 16 15 22  5  9  8  4  6 10 18 1e
  875:  2 16 15 22  5  9  8  4 1e 10 18  6
  876:  2 16 15 22  5  9  8  6  4 10 18 1e
  877:  2 16 15 22  5  9  8  6 1e 10 18  4
  878:  2 16 15 22  5  9  8 1e  4 10 18  6
  879:  2 16 15 22  5  9  8 1e  6 10 18  4
  880:  2 16 15 22  5  9 1e  8  4 10 18  6
  881:  2 16 15 22  5  9 1e  8  6 10 18  4
  882:  2 16 15 22  8  4  5 10  6  9 18 1e
  883:  2 16 15 22  8  4  5 10 1e  9 18  6
  884:  2 16 15 22  8  4  6 10  5  9 18 1e
  885:  2 16 15 22  8  4 1e 10  5  9 18  6
  886:  2 16 15 22  8  9  5  4  6 10 18 1e
  887:  2 16 15 22  8  9  5  4 1e 10 18  6
  888:  2 16 15 22  8  9  5  6  4 10 18 1e
  889:  2 16 15 22  8  9  5  6 1e 10 18  4
  890:  2 16 15 22  8  9  5 1e  4 10 18  6
  891:  2 16 15 22  8  9  5 1e  6 10 18  4
  892:  2 16 15 22  8  9  6  4  5 10 18 1e
  893:  2 16 15 22  8  9  6 1e  5 10 18  4
  894:  2 16 15 22  8  9 1e  4  5 10 18  6
  895:  2 16 15 22  8  9 1e  6  5 10 18  4
  896:  2 16 15 22 18  4  5  8  6  9 10 1e
  897:  2 16 15 22 18  4  5  8 1e  9 10  6
  898:  2 16 15 22 18  4  6  8  5  9 10 1e
  899:  2 16 15 22 18  4  8  6  5  9 10 1e
  900:  2 16 15 22 18  4  8 1e  5  9 10  6
  901:  2 16 15 22 18  4 1e  8  5  9 10  6
  902:  2 16 18 15  4  9  5  8  6 22 10 1e
  903:  2 16 18 15  4  9  5  8 1e 22 10  6
  904:  2 16 18 15  4  9  6  8  5 22 10 1e
  905:  2 16 18 15  4  9  8  6  5 22 10 1e
  906:  2 16 18 15  4  9  8 1e  5 22 10  6
  907:  2 16 18 15  4  9 1e  8  5 22 10  6
  908:  2 16 18 15  5  4  6  8 1e  9 10 22
  909:  2 16 18 15  5  4  8  6 1e  9 10 22
  910:  2 16 18 15  5  4  8 1e  6  9 10 22
  911:  2 16 18 15  5  4 1e  8  6  9 10 22
  912:  2 16 18 15  5  9  6  8  4 22 10 1e
  913:  2 16 18 15  5  9  6  8 1e 22 10  4
  914:  2 16 18 15  5  9  8  4  6 22 10 1e
  915:  2 16 18 15  5  9  8  4 1e 22 10  6
  916:  2 16 18 15  5  9  8  6  4 22 10 1e
  917:  2 16 18 15  5  9  8  6 1e 22 10  4
  918:  2 16 18 15  5  9  8 1e  4 22 10  6
  919:  2 16 18 15  5  9  8 1e  6 22 10  4
  920:  2 16 18 15  5  9 1e  8  4 22 10  6
  921:  2 16 18 15  5  9 1e  8  6 22 10  4
  922:  2 16 18 15  8  4  5  6 1e  9 10 22
  923:  2 16 18 15  8  4  5 1e  6  9 10 22
  924:  2 16 18 15  8  4  6 1e  5  9 10 22
  925:  2 16 18 15  8  4 1e  6  5  9 10 22
  926:  2 16 18 15  8  9  5  4  6 22 10 1e
  927:  2 16 18 15  8  9  5  4 1e 22 10  6
  928:  2 16 18 15  8  9  5  6  4 22 10 1e
  929:  2 16 18 15  8  9  5  6 1e 22 10  4
  930:  2 16 18 15  8  9  5 1e  4 22 10  6
  931:  2 16 18 15  8  9  5 1e  6 22 10  4
  932:  2 16 18 15  8  9  6  4  5 22 10 1e
  933:  2 16 18 15  8  9  6 1e  5 22 10  4
  934:  2 16 18 15  8  9 1e  4  5 22 10  6
  935:  2 16 18 15  8  9 1e  6  5 22 10  4
  936:  2 16 18 22 15  4  5  8  6  9 10 1e
  937:  2 16 18 22 15  4  5  8 1e  9 10  6
  938:  2 16 18 22 15  4  6  8  5  9 10 1e
  939:  2 16 18 22 15  4  8  6  5  9 10 1e
  940:  2 16 18 22 15  4  8 1e  5  9 10  6
  941:  2 16 18 22 15  4 1e  8  5  9 10  6
  942:  2 1e  4 10 15  9  8 16  5 22 18  6
  943:  2 1e  4 10 15  9 16  8  5 22 18  6
  944:  2 1e  4 15  5  9  8 16  6 10 18 22
  945:  2 1e  4 15  5  9 16  8  6 10 18 22
  946:  2 1e  4 15  8  9  5 16  6 10 18 22
  947:  2 1e  4 15  8  9  6 16  5 10 18 22
  948:  2 1e  4 15  8  9 16  6  5 10 18 22
  949:  2 1e  4 15  8  9 16 10  5 22 18  6
  950:  2 1e  4 15 18  9  8 16  5 22 10  6
  951:  2 1e  4 15 18  9 16  8  5 22 10  6
  952:  2 1e  4 16 15  9  5  8  6 10 18 22
  953:  2 1e  4 16 15  9  6  8  5 10 18 22
  954:  2 1e  4 16 15  9  8  6  5 10 18 22
  955:  2 1e  4 16 15  9  8 10  5 22 18  6
  956:  2 1e  4 18 15  9  8 16  5 22 10  6
  957:  2 1e  4 18 15  9 16  8  5 22 10  6
  958:  2 1e  4 22 15  9  8 16  5 10 18  6
  959:  2 1e  4 22 15  9 16  8  5 10 18  6
  960:  2 1e  8 10 15  4  5 16  6  9 18 22
  961:  2 1e  8 10 15  4  6 16  5  9 18 22
  962:  2 1e  8 10 15  4 16  6  5  9 18 22
  963:  2 1e  8 10 15  9  5 16  4 22 18  6
  964:  2 1e  8 10 15  9  5 16  6 22 18  4
  965:  2 1e  8 10 15  9  6 16  5 22 18  4
  966:  2 1e  8 10 15  9 16  4  5 22 18  6
  967:  2 1e  8 10 15  9 16  6  5 22 18  4
  968:  2 1e  8 15  4  9  5 16  6 10 18 22
  969:  2 1e  8 15  4  9  6 16  5 10 18 22
  970:  2 1e  8 15  4  9 16  6  5 10 18 22
  971:  2 1e  8 15  4  9 16 10  5 22 18  6
  972:  2 1e  8 15  5  4 16 10  6  9 18 22
  973:  2 1e  8 15  5  9  6 16  4 10 18 22
  974:  2 1e  8 15  5  9 16  4  6 10 18 22
  975:  2 1e  8 15  5  9 16  6  4 10 18 22
  976:  2 1e  8 15  5  9 16 10  4 22 18  6
  977:  2 1e  8 15  5  9 16 10  6 22 18  4
  978:  2 1e  8 15 18  4  5 16  6  9 10 22
  979:  2 1e  8 15 18  4  6 16  5  9 10 22
  980:  2 1e  8 15 18  4 16  6  5  9 10 22
  981:  2 1e  8 15 18  9  5 16  4 22 10  6
  982:  2 1e  8 15 18  9  5 16  6 22 10  4
  983:  2 1e  8 15 18  9  6 16  5 22 10  4
  984:  2 1e  8 15 18  9 16  4  5 22 10  6
  985:  2 1e  8 15 18  9 16  6  5 22 10  4
  986:  2 1e  8 16 15  4  5 10  6  9 18 22
  987:  2 1e  8 16 15  4  6 10  5  9 18 22
  988:  2 1e  8 16 15  9  5  4  6 10 18 22
  989:  2 1e  8 16 15  9  5  6  4 10 18 22
  990:  2 1e  8 16 15  9  5 10  4 22 18  6
  991:  2 1e  8 16 15  9  5 10  6 22 18  4
  992:  2 1e  8 16 15  9  6  4  5 10 18 22
  993:  2 1e  8 16 15  9  6 10  5 22 18  4
  994:  2 1e  8 18 15  4  5 16  6  9 10 22
  995:  2 1e  8 18 15  4  6 16  5  9 10 22
  996:  2 1e  8 18 15  4 16  6  5  9 10 22
  997:  2 1e  8 18 15  9  5 16  4 22 10  6
  998:  2 1e  8 18 15  9  5 16  6 22 10  4
  999:  2 1e  8 18 15  9  6 16  5 22 10  4
 1000:  2 1e  8 18 15  9 16  4  5 22 10  6
 1001:  2 1e  8 18 15  9 16  6  5 22 10  4
 1002:  2 1e  8 22 15  4 16 10  5  9 18  6
 1003:  2 1e  8 22 15  9  5 16  4 10 18  6
 1004:  2 1e  8 22 15  9  5 16  6 10 18  4
 1005:  2 1e  8 22 15  9  6 16  5 10 18  4
 1006:  2 1e  8 22 15  9 16  4  5 10 18  6
 1007:  2 1e  8 22 15  9 16  6  5 10 18  4
 1008:  2 1e 15 10  4  9  8 16  5 22 18  6
 1009:  2 1e 15 10  4  9 16  8  5 22 18  6
 1010:  2 1e 15 10  5  4  8 16  6  9 18 22
 1011:  2 1e 15 10  5  4 16  8  6  9 18 22
 1012:  2 1e 15 10  5  9  8 16  4 22 18  6
 1013:  2 1e 15 10  5  9  8 16  6 22 18  4
 1014:  2 1e 15 10  5  9 16  8  4 22 18  6
 1015:  2 1e 15 10  5  9 16  8  6 22 18  4
 1016:  2 1e 15 10  8  4  5 16  6  9 18 22
 1017:  2 1e 15 10  8  4  6 16  5  9 18 22
 1018:  2 1e 15 10  8  4 16  6  5  9 18 22
 1019:  2 1e 15 10  8  9  5 16  4 22 18  6
 1020:  2 1e 15 10  8  9  5 16  6 22 18  4
 1021:  2 1e 15 10  8  9  6 16  5 22 18  4
 1022:  2 1e 15 10  8  9 16  4  5 22 18  6
 1023:  2 1e 15 10  8  9 16  6  5 22 18  4
 1024:  2 1e 15 16  4  9  5  8  6 10 18 22
 1025:  2 1e 15 16  4  9  6  8  5 10 18 22
 1026:  2 1e 15 16  4  9  8  6  5 10 18 22
 1027:  2 1e 15 16  4  9  8 10  5 22 18  6
 1028:  2 1e 15 16  5  4  8 10  6  9 18 22
 1029:  2 1e 15 16  5  9  6  8  4 10 18 22
 1030:  2 1e 15 16  5  9  8  4  6 10 18 22
 1031:  2 1e 15 16  5  9  8  6  4 10 18 22
 1032:  2 1e 15 16  5  9  8 10  4 22 18  6
 1033:  2 1e 15 16  5  9  8 10  6 22 18  4
 1034:  2 1e 15 16  8  4  5 10  6  9 18 22
 1035:  2 1e 15 16  8  4  6 10  5  9 18 22
 1036:  2 1e 15 16  8  9  5  4  6 10 18 22
 1037:  2 1e 15 16  8  9  5  6  4 10 18 22
 1038:  2 1e 15 16  8  9  5 10  4 22 18  6
 1039:  2 1e 15 16  8  9  5 10  6 22 18  4
 1040:  2 1e 15 16  8  9  6  4  5 10 18 22
 1041:  2 1e 15 16  8  9  6 10  5 22 18  4
 1042:  2 1e 15 16 18  4  5  8  6  9 10 22
 1043:  2 1e 15 16 18  4  6  8  5  9 10 22
 1044:  2 1e 15 16 18  4  8  6  5  9 10 22
 1045:  2 1e 15 16 18  9  5  8  4 22 10  6
 1046:  2 1e 15 16 18  9  5  8  6 22 10  4
 1047:  2 1e 15 16 18  9  6  8  5 22 10  4
 1048:  2 1e 15 16 18  9  8  4  5 22 10  6
 1049:  2 1e 15 16 18  9  8  6  5 22 10  4
 1050:  2 1e 15 18  4  9  8 16  5 22 10  6
 1051:  2 1e 15 18  4  9 16  8  5 22 10  6
 1052:  2 1e 15 18  5  4  8 16  6  9 10 22
 1053:  2 1e 15 18  5  4 16  8  6  9 10 22
 1054:  2 1e 15 18  5  9  8 16  4 22 10  6
 1055:  2 1e 15 18  5  9  8 16  6 22 10  4
 1056:  2 1e 15 18  5  9 16  8  4 22 10  6
 1057:  2 1e 15 18  5  9 16  8  6 22 10  4
 1058:  2 1e 15 18  8  4  5 16  6  9 10 22
 1059:  2 1e 15 18  8  4  6 16  5  9 10 22
 1060:  2 1e 15 18  8  4 16  6  5  9 10 22
 1061:  2 1e 15 18  8  9  5 16  4 22 10  6
 1062:  2 1e 15 18  8  9  5 16  6 22 10  4
 1063:  2 1e 15 18  8  9  6 16  5 22 10  4
 1064:  2 1e 15 18  8  9 16  4  5 22 10  6
 1065:  2 1e 15 18  8  9 16  6  5 22 10  4
 1066:  2 1e 15 22  4  9  8 16  5 10 18  6
 1067:  2 1e 15 22  4  9 16  8  5 10 18  6
 1068:  2 1e 15 22  5  9  8 16  4 10 18  6
 1069:  2 1e 15 22  5  9  8 16  6 10 18  4
 1070:  2 1e 15 22  5  9 16  8  4 10 18  6
 1071:  2 1e 15 22  5  9 16  8  6 10 18  4
 1072:  2 1e 15 22  8  4 16 10  5  9 18  6
 1073:  2 1e 15 22  8  9  5 16  4 10 18  6
 1074:  2 1e 15 22  8  9  5 16  6 10 18  4
 1075:  2 1e 15 22  8  9  6 16  5 10 18  4
 1076:  2 1e 15 22  8  9 16  4  5 10 18  6
 1077:  2 1e 15 22  8  9 16  6  5 10 18  4
 1078:  2 1e 15 22 18  4  8 16  5  9 10  6
 1079:  2 1e 15 22 18  4 16  8  5  9 10  6
 1080:  2 1e 16 10 15  4  5  8  6  9 18 22
 1081:  2 1e 16 10 15  4  6  8  5  9 18 22
 1082:  2 1e 16 10 15  4  8  6  5  9 18 22
 1083:  2 1e 16 10 15  9  5  8  4 22 18  6
 1084:  2 1e 16 10 15  9  5  8  6 22 18  4
 1085:  2 1e 16 10 15  9  6  8  5 22 18  4
 1086:  2 1e 16 10 15  9  8  4  5 22 18  6
 1087:  2 1e 16 10 15  9  8  6  5 22 18  4
 1088:  2 1e 16 15  4  9  5  8  6 10 18 22
 1089:  2 1e 16 15  4  9  6  8  5 10 18 22
 1090:  2 1e 16 15  4  9  8  6  5 10 18 22
 1091:  2 1e 16 15  4  9  8 10  5 22 18  6
 1092:  2 1e 16 15  5  4  8 10  6  9 18 22
 1093:  2 1e 16 15  5  9  6  8  4 10 18 22
 1094:  2 1e 16 15  5  9  8  4  6 10 18 22
 1095:  2 1e 16 15  5  9  8  6  4 10 18 22
 1096:  2 1e 16 15  5  9  8 10  4 22 18  6
 1097:  2 1e 16 15  5  9  8 10  6 22 18  4
 1098:  2 1e 16 15  8  4  5 10  6  9 18 22
 1099:  2 1e 16 15  8  4  6 10  5  9 18 22
 1100:  2 1e 16 15  8  9  5  4  6 10 18 22
 1101:  2 1e 16 15  8  9  5  6  4 10 18 22
 1102:  2 1e 16 15  8  9  5 10  4 22 18  6
 1103:  2 1e 16 15  8  9  5 10  6 22 18  4
 1104:  2 1e 16 15  8  9  6  4  5 10 18 22
 1105:  2 1e 16 15  8  9  6 10  5 22 18  4
 1106:  2 1e 16 15 18  4  5  8  6  9 10 22
 1107:  2 1e 16 15 18  4  6  8  5  9 10 22
 1108:  2 1e 16 15 18  4  8  6  5  9 10 22
 1109:  2 1e 16 15 18  9  5  8  4 22 10  6
 1110:  2 1e 16 15 18  9  5  8  6 22 10  4
 1111:  2 1e 16 15 18  9  6  8  5 22 10  4
 1112:  2 1e 16 15 18  9  8  4  5 22 10  6
 1113:  2 1e 16 15 18  9  8  6  5 22 10  4
 1114:  2 1e 16 18 15  4  5  8  6  9 10 22
 1115:  2 1e 16 18 15  4  6  8  5  9 10 22
 1116:  2 1e 16 18 15  4  8  6  5  9 10 22
 1117:  2 1e 16 18 15  9  5  8  4 22 10  6
 1118:  2 1e 16 18 15  9  5  8  6 22 10  4
 1119:  2 1e 16 18 15  9  6  8  5 22 10  4
 1120:  2 1e 16 18 15  9  8  4  5 22 10  6
 1121:  2 1e 16 18 15  9  8  6  5 22 10  4
 1122:  2 1e 16 22 15  4  8 10  5  9 18  6
 1123:  2 1e 16 22 15  9  5  8  4 10 18  6
 1124:  2 1e 16 22 15  9  5  8  6 10 18  4
 1125:  2 1e 16 22 15  9  6  8  5 10 18  4
 1126:  2 1e 16 22 15  9  8  4  5 10 18  6
 1127:  2 1e 16 22 15  9  8  6  5 10 18  4
 1128:  2 1e 18 15  4  9  8 16  5 22 10  6
 1129:  2 1e 18 15  4  9 16  8  5 22 10  6
 1130:  2 1e 18 15  5  4  8 16  6  9 10 22
 1131:  2 1e 18 15  5  4 16  8  6  9 10 22
 1132:  2 1e 18 15  5  9  8 16  4 22 10  6
 1133:  2 1e 18 15  5  9  8 16  6 22 10  4
 1134:  2 1e 18 15  5  9 16  8  4 22 10  6
 1135:  2 1e 18 15  5  9 16  8  6 22 10  4
 1136:  2 1e 18 15  8  4  5 16  6  9 10 22
 1137:  2 1e 18 15  8  4  6 16  5  9 10 22
 1138:  2 1e 18 15  8  4 16  6  5  9 10 22
 1139:  2 1e 18 15  8  9  5 16  4 22 10  6
 1140:  2 1e 18 15  8  9  5 16  6 22 10  4
 1141:  2 1e 18 15  8  9  6 16  5 22 10  4
 1142:  2 1e 18 15  8  9 16  4  5 22 10  6
 1143:  2 1e 18 15  8  9 16  6  5 22 10  4
 1144:  2 1e 18 16 15  4  5  8  6  9 10 22
 1145:  2 1e 18 16 15  4  6  8  5  9 10 22
 1146:  2 1e 18 16 15  4  8  6  5  9 10 22
 1147:  2 1e 18 16 15  9  5  8  4 22 10  6
 1148:  2 1e 18 16 15  9  5  8  6 22 10  4
 1149:  2 1e 18 16 15  9  6  8  5 22 10  4
 1150:  2 1e 18 16 15  9  8  4  5 22 10  6
 1151:  2 1e 18 16 15  9  8  6  5 22 10  4
 1152:  2 1e 18 22 15  4  8 16  5  9 10  6
 1153:  2 1e 18 22 15  4 16  8  5  9 10  6
 1154:  9  8  4 10 15  2  5 16  6 22 18 1e
 1155:  9  8  4 10 15  2  5 16 1e 22 18  6
 1156:  9  8  4 10 15  2  6 16  5 22 18 1e
 1157:  9  8  4 10 15  2 16  6  5 22 18 1e
 1158:  9  8  4 10 15  2 16 1e  5 22 18  6
 1159:  9  8  4 10 15  2 1e 16  5 22 18  6
 1160:  9  8  4 15  5  2  6 16 1e 10 18 22
 1161:  9  8  4 15  5  2 16  6 1e 10 18 22
 1162:  9  8  4 15  5  2 16 10  6 22 18 1e
 1163:  9  8  4 15  5  2 16 10 1e 22 18  6
 1164:  9  8  4 15  5  2 16 1e  6 10 18 22
 1165:  9  8  4 15  5  2 1e 16  6 10 18 22
 1166:  9  8  4 15 18  2  5 16  6 22 10 1e
 1167:  9  8  4 15 18  2  5 16 1e 22 10  6
 1168:  9  8  4 15 18  2  6 16  5 22 10 1e
 1169:  9  8  4 15 18  2 16  6  5 22 10 1e
 1170:  9  8  4 15 18  2 16 1e  5 22 10  6
 1171:  9  8  4 15 18  2 1e 16  5 22 10  6
 1172:  9  8  4 16 15  2  5  6 1e 10 18 22
 1173:  9  8  4 16 15  2  5 10  6 22 18 1e
 1174:  9  8  4 16 15  2  5 10 1e 22 18  6
 1175:  9  8  4 16 15  2  5 1e  6 10 18 22
 1176:  9  8  4 16 15  2  6 10  5 22 18 1e
 1177:  9  8  4 16 15  2  6 1e  5 10 18 22
 1178:  9  8  4 16 15  2 1e  6  5 10 18 22
 1179:  9  8  4 16 15  2 1e 10  5 22 18  6
 1180:  9  8  4 18 15  2  5 16  6 22 10 1e
 1181:  9  8  4 18 15  2  5 16 1e 22 10  6
 1182:  9  8  4 18 15  2  6 16  5 22 10 1e
 1183:  9  8  4 18 15  2 16  6  5 22 10 1e
 1184:  9  8  4 18 15  2 16 1e  5 22 10  6
 1185:  9  8  4 18 15  2 1e 16  5 22 10  6
 1186:  9  8  4 22 15  2  5 16  6 10 18 1e
 1187:  9  8  4 22 15  2  5 16 1e 10 18  6
 1188:  9  8  4 22 15  2  6 16  5 10 18 1e
 1189:  9  8  4 22 15  2 16  6  5 10 18 1e
 1190:  9  8  4 22 15  2 16 1e  5 10 18  6
 1191:  9  8  4 22 15  2 1e 16  5 10 18  6
 1192:  9  8 15 10  4  2  5 16  6 22 18 1e
 1193:  9  8 15 10  4  2  5 16 1e 22 18  6
 1194:  9  8 15 10  4  2  6 16  5 22 18 1e
 1195:  9  8 15 10  4  2 16  6  5 22 18 1e
 1196:  9  8 15 10  4  2 16 1e  5 22 18  6
 1197:  9  8 15 10  4  2 1e 16  5 22 18  6
 1198:  9  8 15 10  5  2  6 16  4 22 18 1e
 1199:  9  8 15 10  5  2  6 16 1e 22 18  4
 1200:  9  8 15 10  5  2 16  4  6 22 18 1e
 1201:  9  8 15 10  5  2 16  4 1e 22 18  6
 1202:  9  8 15 10  5  2 16  6  4 22 18 1e
 1203:  9  8 15 10  5  2 16  6 1e 22 18  4
 1204:  9  8 15 10  5  2 16 1e  4 22 18  6
 1205:  9  8 15 10  5  2 16 1e  6 22 18  4
 1206:  9  8 15 10  5  2 1e 16  4 22 18  6
 1207:  9  8 15 10  5  2 1e 16  6 22 18  4
 1208:  9  8 15 16  4  2  5  6 1e 10 18 22
 1209:  9  8 15 16  4  2  5 10  6 22 18 1e
 1210:  9  8 15 16  4  2  5 10 1e 22 18  6
 1211:  9  8 15 16  4  2  5 1e  6 10 18 22
 1212:  9  8 15 16  4  2  6 10  5 22 18 1e
 1213:  9  8 15 16  4  2  6 1e  5 10 18 22
 1214:  9  8 15 16  4  2 1e  6  5 10 18 22
 1215:  9  8 15 16  4  2 1e 10  5 22 18  6
 1216:  9  8 15 16  5  2  6  4 1e 10 18 22
 1217:  9  8 15 16  5  2  6 10  4 22 18 1e
 1218:  9  8 15 16  5  2  6 10 1e 22 18  4
 1219:  9  8 15 16  5  2  6 1e  4 10 18 22
 1220:  9  8 15 16  5  2 1e  4  6 10 18 22
 1221:  9  8 15 16  5  2 1e  6  4 10 18 22
 1222:  9  8 15 16  5  2 1e 10  4 22 18  6
 1223:  9  8 15 16  5  2 1e 10  6 22 18  4
 1224:  9  8 15 16 18  2  5  4  6 22 10 1e
 1225:  9  8 15 16 18  2  5  4 1e 22 10  6
 1226:  9  8 15 16 18  2  5  6  4 22 10 1e
 1227:  9  8 15 16 18  2  5  6 1e 22 10  4
 1228:  9  8 15 16 18  2  5 1e  4 22 10  6
 1229:  9  8 15 16 18  2  5 1e  6 22 10  4
 1230:  9  8 15 16 18  2  6  4  5 22 10 1e
 1231:  9  8 15 16 18  2  6 1e  5 22 10  4
 1232:  9  8 15 16 18  2 1e  4  5 22 10  6
 1233:  9  8 15 16 18  2 1e  6  5 22 10  4
 1234:  9  8 15 18  4  2  5 16  6 22 10 1e
 1235:  9  8 15 18  4  2  5 16 1e 22 10  6
 1236:  9  8 15 18  4  2  6 16  5 22 10 1e
 1237:  9  8 15 18  4  2 16  6  5 22 10 1e
 1238:  9  8 15 18  4  2 16 1e  5 22 10  6
 1239:  9  8 15 18  4  2 1e 16  5 22 10  6
 1240:  9  8 15 18  5  2  6 16  4 22 10 1e
 1241:  9  8 15 18  5  2  6 16 1e 22 10  4
 1242:  9  8 15 18  5  2 16  4  6 22 10 1e
 1243:  9  8 15 18  5  2 16  4 1e 22 10  6
 1244:  9  8 15 18  5  2 16  6  4 22 10 1e
 1245:  9  8 15 18  5  2 16  6 1e 22 10  4
 1246:  9  8 15 18  5  2 16 1e  4 22 10  6
 1247:  9  8 15 18  5  2 16 1e  6 22 10  4
 1248:  9  8 15 18  5  2 1e 16  4 22 10  6
 1249:  9  8 15 18  5  2 1e 16  6 22 10  4
 1250:  9  8 15 22  4  2  5 16  6 10 18 1e
 1251:  9  8 15 22  4  2  5 16 1e 10 18  6
 1252:  9  8 15 22  4  2  6 16  5 10 18 1e
 1253:  9  8 15 22  4  2 16  6  5 10 18 1e
 1254:  9  8 15 22  4  2 16 1e  5 10 18  6
 1255:  9  8 15 22  4  2 1e 16  5 10 18  6
 1256:  9  8 15 22  5  2  6 16  4 10 18 1e
 1257:  9  8 15 22  5  2  6 16 1e 10 18  4
 1258:  9  8 15 22  5  2 16  4  6 10 18 1e
 1259:  9  8 15 22  5  2 16  4 1e 10 18  6
 1260:  9  8 15 22  5  2 16  6  4 10 18 1e
 1261:  9  8 15 22  5  2 16  6 1e 10 18  4
 1262:  9  8 15 22  5  2 16 1e  4 10 18  6
 1263:  9  8 15 22  5  2 16 1e  6 10 18  4
 1264:  9  8 15 22  5  2 1e 16  4 10 18  6
 1265:  9  8 15 22  5  2 1e 16  6 10 18  4
 1266:  9  8 16 10 15  2  5  4  6 22 18 1e
 1267:  9  8 16 10 15  2  5  4 1e 22 18  6
 1268:  9  8 16 10 15  2  5  6  4 22 18 1e
 1269:  9  8 16 10 15  2  5  6 1e 22 18  4
 1270:  9  8 16 10 15  2  5 1e  4 22 18  6
 1271:  9  8 16 10 15  2  5 1e  6 22 18  4
 1272:  9  8 16 10 15  2  6  4  5 22 18 1e
 1273:  9  8 16 10 15  2  6 1e  5 22 18  4
 1274:  9  8 16 10 15  2 1e  4  5 22 18  6
 1275:  9  8 16 10 15  2 1e  6  5 22 18  4
 1276:  9  8 16 15  4  2  5  6 1e 10 18 22
 1277:  9  8 16 15  4  2  5 10  6 22 18 1e
 1278:  9  8 16 15  4  2  5 10 1e 22 18  6
 1279:  9  8 16 15  4  2  5 1e  6 10 18 22
 1280:  9  8 16 15  4  2  6 10  5 22 18 1e
 1281:  9  8 16 15  4  2  6 1e  5 10 18 22
 1282:  9  8 16 15  4  2 1e  6  5 10 18 22
 1283:  9  8 16 15  4  2 1e 10  5 22 18  6
 1284:  9  8 16 15  5  2  6  4 1e 10 18 22
 1285:  9  8 16 15  5  2  6 10  4 22 18 1e
 1286:  9  8 16 15  5  2  6 10 1e 22 18  4
 1287:  9  8 16 15  5  2  6 1e  4 10 18 22
 1288:  9  8 16 15  5  2 1e  4  6 10 18 22
 1289:  9  8 16 15  5  2 1e  6  4 10 18 22
 1290:  9  8 16 15  5  2 1e 10  4 22 18  6
 1291:  9  8 16 15  5  2 1e 10  6 22 18  4
 1292:  9  8 16 15 18  2  5  4  6 22 10 1e
 1293:  9  8 16 15 18  2  5  4 1e 22 10  6
 1294:  9  8 16 15 18  2  5  6  4 22 10 1e
 1295:  9  8 16 15 18  2  5  6 1e 22 10  4
 1296:  9  8 16 15 18  2  5 1e  4 22 10  6
 1297:  9  8 16 15 18  2  5 1e  6 22 10  4
 1298:  9  8 16 15 18  2  6  4  5 22 10 1e
 1299:  9  8 16 15 18  2  6 1e  5 22 10  4
 1300:  9  8 16 15 18  2 1e  4  5 22 10  6
 1301:  9  8 16 15 18  2 1e  6  5 22 10  4
 1302:  9  8 16 18 15  2  5  4  6 22 10 1e
 1303:  9  8 16 18 15  2  5  4 1e 22 10  6
 1304:  9  8 16 18 15  2  5  6  4 22 10 1e
 1305:  9  8 16 18 15  2  5  6 1e 22 10  4
 1306:  9  8 16 18 15  2  5 1e  4 22 10  6
 1307:  9  8 16 18 15  2  5 1e  6 22 10  4
 1308:  9  8 16 18 15  2  6  4  5 22 10 1e
 1309:  9  8 16 18 15  2  6 1e  5 22 10  4
 1310:  9  8 16 18 15  2 1e  4  5 22 10  6
 1311:  9  8 16 18 15  2 1e  6  5 22 10  4
 1312:  9  8 16 22 15  2  5  4  6 10 18 1e
 1313:  9  8 16 22 15  2  5  4 1e 10 18  6
 1314:  9  8 16 22 15  2  5  6  4 10 18 1e
 1315:  9  8 16 22 15  2  5  6 1e 10 18  4
 1316:  9  8 16 22 15  2  5 1e  4 10 18  6
 1317:  9  8 16 22 15  2  5 1e  6 10 18  4
 1318:  9  8 16 22 15  2  6  4  5 10 18 1e
 1319:  9  8 16 22 15  2  6 1e  5 10 18  4
 1320:  9  8 16 22 15  2 1e  4  5 10 18  6
 1321:  9  8 16 22 15  2 1e  6  5 10 18  4
 1322:  9  8 18 15  4  2  5 16  6 22 10 1e
 1323:  9  8 18 15  4  2  5 16 1e 22 10  6
 1324:  9  8 18 15  4  2  6 16  5 22 10 1e
 1325:  9  8 18 15  4  2 16  6  5 22 10 1e
 1326:  9  8 18 15  4  2 16 1e  5 22 10  6
 1327:  9  8 18 15  4  2 1e 16  5 22 10  6
 1328:  9  8 18 15  5  2  6 16  4 22 10 1e
 1329:  9  8 18 15  5  2  6 16 1e 22 10  4
 1330:  9  8 18 15  5  2 16  4  6 22 10 1e
 1331:  9  8 18 15  5  2 16  4 1e 22 10  6
 1332:  9  8 18 15  5  2 16  6  4 22 10 1e
 1333:  9  8 18 15  5  2 16  6 1e 22 10  4
 1334:  9  8 18 15  5  2 16 1e  4 22 10  6
 1335:  9  8 18 15  5  2 16 1e  6 22 10  4
 1336:  9  8 18 15  5  2 1e 16  4 22 10  6
 1337:  9  8 18 15  5  2 1e 16  6 22 10  4
 1338:  9  8 18 16 15  2  5  4  6 22 10 1e
 1339:  9  8 18 16 15  2  5  4 1e 22 10  6
 1340:  9  8 18 16 15  2  5  6  4 22 10 1e
 1341:  9  8 18 16 15  2  5  6 1e 22 10  4
 1342:  9  8 18 16 15  2  5 1e  4 22 10  6
 1343:  9  8 18 16 15  2  5 1e  6 22 10  4
 1344:  9  8 18 16 15  2  6  4  5 22 10 1e
 1345:  9  8 18 16 15  2  6 1e  5 22 10  4
 1346:  9  8 18 16 15  2 1e  4  5 22 10  6
 1347:  9  8 18 16 15  2 1e  6  5 22 10  4
 1348:  9 10  4 15  5  2  8 16  6 22 18 1e
 1349:  9 10  4 15  5  2  8 16 1e 22 18  6
 1350:  9 10  4 15  5  2 16  8  6 22 18 1e
 1351:  9 10  4 15  5  2 16  8 1e 22 18  6
 1352:  9 10  4 15  8  2  5 16  6 22 18 1e
 1353:  9 10  4 15  8  2  5 16 1e 22 18  6
 1354:  9 10  4 15  8  2  6 16  5 22 18 1e
 1355:  9 10  4 15  8  2 16  6  5 22 18 1e
 1356:  9 10  4 15  8  2 16 1e  5 22 18  6
 1357:  9 10  4 15  8  2 1e 16  5 22 18  6
 1358:  9 10  4 16 15  2  5  8  6 22 18 1e
 1359:  9 10  4 16 15  2  5  8 1e 22 18  6
 1360:  9 10  4 16 15  2  6  8  5 22 18 1e
 1361:  9 10  4 16 15  2  8  6  5 22 18 1e
 1362:  9 10  4 16 15  2  8 1e  5 22 18  6
 1363:  9 10  4 16 15  2 1e  8  5 22 18  6
 1364:  9 10  8 15  4  2  5 16  6 22 18 1e
 1365:  9 10  8 15  4  2  5 16 1e 22 18  6
 1366:  9 10  8 15  4  2  6 16  5 22 18 1e
 1367:  9 10  8 15  4  2 16  6  5 22 18 1e
 1368:  9 10  8 15  4  2 16 1e  5 22 18  6
 1369:  9 10  8 15  4  2 1e 16  5 22 18  6
 1370:  9 10  8 15  5  2  6 16  4 22 18 1e
 1371:  9 10  8 15  5  2  6 16 1e 22 18  4
 1372:  9 10  8 15  5  2 16  4  6 22 18 1e
 1373:  9 10  8 15  5  2 16  4 1e 22 18  6
 1374:  9 10  8 15  5  2 16  6  4 22 18 1e
 1375:  9 10  8 15  5  2 16  6 1e 22 18  4
 1376:  9 10  8 15  5  2 16 1e  4 22 18  6
 1377:  9 10  8 15  5  2 16 1e  6 22 18  4
 1378:  9 10  8 15  5  2 1e 16  4 22 18  6
 1379:  9 10  8 15  5  2 1e 16  6 22 18  4
 1380:  9 10  8 16 15  2  5  4  6 22 18 1e
 1381:  9 10  8 16 15  2  5  4 1e 22 18  6
 1382:  9 10  8 16 15  2  5  6  4 22 18 1e
 1383:  9 10  8 16 15  2  5  6 1e 22 18  4
 1384:  9 10  8 16 15  2  5 1e  4 22 18  6
 1385:  9 10  8 16 15  2  5 1e  6 22 18  4
 1386:  9 10  8 16 15  2  6  4  5 22 18 1e
 1387:  9 10  8 16 15  2  6 1e  5 22 18  4
 1388:  9 10  8 16 15  2 1e  4  5 22 18  6
 1389:  9 10  8 16 15  2 1e  6  5 22 18  4
 1390:  9 10 15 16  4  2  5  8  6 22 18 1e
 1391:  9 10 15 16  4  2  5  8 1e 22 18  6
 1392:  9 10 15 16  4  2  6  8  5 22 18 1e
 1393:  9 10 15 16  4  2  8  6  5 22 18 1e
 1394:  9 10 15 16  4  2  8 1e  5 22 18  6
 1395:  9 10 15 16  4  2 1e  8  5 22 18  6
 1396:  9 10 15 16  5  2  6  8  4 22 18 1e
 1397:  9 10 15 16  5  2  6  8 1e 22 18  4
 1398:  9 10 15 16  5  2  8  4  6 22 18 1e
 1399:  9 10 15 16  5  2  8  4 1e 22 18  6
 1400:  9 10 15 16  5  2  8  6  4 22 18 1e
 1401:  9 10 15 16  5  2  8  6 1e 22 18  4
 1402:  9 10 15 16  5  2  8 1e  4 22 18  6
 1403:  9 10 15 16  5  2  8 1e  6 22 18  4
 1404:  9 10 15 16  5  2 1e  8  4 22 18  6
 1405:  9 10 15 16  5  2 1e  8  6 22 18  4
 1406:  9 10 15 16  8  2  5  4  6 22 18 1e
 1407:  9 10 15 16  8  2  5  4 1e 22 18  6
 1408:  9 10 15 16  8  2  5  6  4 22 18 1e
 1409:  9 10 15 16  8  2  5  6 1e 22 18  4
 1410:  9 10 15 16  8  2  5 1e  4 22 18  6
 1411:  9 10 15 16  8  2  5 1e  6 22 18  4
 1412:  9 10 15 16  8  2  6  4  5 22 18 1e
 1413:  9 10 15 16  8  2  6 1e  5 22 18  4
 1414:  9 10 15 16  8  2 1e  4  5 22 18  6
 1415:  9 10 15 16  8  2 1e  6  5 22 18  4
 1416:  9 10 16 15  4  2  5  8  6 22 18 1e
 1417:  9 10 16 15  4  2  5  8 1e 22 18  6
 1418:  9 10 16 15  4  2  6  8  5 22 18 1e
 1419:  9 10 16 15  4  2  8  6  5 22 18 1e
 1420:  9 10 16 15  4  2  8 1e  5 22 18  6
 1421:  9 10 16 15  4  2 1e  8  5 22 18  6
 1422:  9 10 16 15  5  2  6  8  4 22 18 1e
 1423:  9 10 16 15  5  2  6  8 1e 22 18  4
 1424:  9 10 16 15  5  2  8  4  6 22 18 1e
 1425:  9 10 16 15  5  2  8  4 1e 22 18  6
 1426:  9 10 16 15  5  2  8  6  4 22 18 1e
 1427:  9 10 16 15  5  2  8  6 1e 22 18  4
 1428:  9 10 16 15  5  2  8 1e  4 22 18  6
 1429:  9 10 16 15  5  2  8 1e  6 22 18  4
 1430:  9 10 16 15  5  2 1e  8  4 22 18  6
 1431:  9 10 16 15  5  2 1e  8  6 22 18  4
 1432:  9 10 16 15  8  2  5  4  6 22 18 1e
 1433:  9 10 16 15  8  2  5  4 1e 22 18  6
 1434:  9 10 16 15  8  2  5  6  4 22 18 1e
 1435:  9 10 16 15  8  2  5  6 1e 22 18  4
 1436:  9 10 16 15  8  2  5 1e  4 22 18  6
 1437:  9 10 16 15  8  2  5 1e  6 22 18  4
 1438:  9 10 16 15  8  2  6  4  5 22 18 1e
 1439:  9 10 16 15  8  2  6 1e  5 22 18  4
 1440:  9 10 16 15  8  2 1e  4  5 22 18  6
 1441:  9 10 16 15  8  2 1e  6  5 22 18  4
 1442:  9 15  4 10  5  2  8 16  6 22 18 1e
 1443:  9 15  4 10  5  2  8 16 1e 22 18  6
 1444:  9 15  4 10  5  2 16  8  6 22 18 1e
 1445:  9 15  4 10  5  2 16  8 1e 22 18  6
 1446:  9 15  4 10  8  2  5 16  6 22 18 1e
 1447:  9 15  4 10  8  2  5 16 1e 22 18  6
 1448:  9 15  4 10  8  2  6 16  5 22 18 1e
 1449:  9 15  4 10  8  2 16  6  5 22 18 1e
 1450:  9 15  4 10  8  2 16 1e  5 22 18  6
 1451:  9 15  4 10  8  2 1e 16  5 22 18  6
 1452:  9 15  4 16  5  2  6  8 1e 10 18 22
 1453:  9 15  4 16  5  2  8  6 1e 10 18 22
 1454:  9 15  4 16  5  2  8 10  6 22 18 1e
 1455:  9 15  4 16  5  2  8 10 1e 22 18  6
 1456:  9 15  4 16  5  2  8 1e  6 10 18 22
 1457:  9 15  4 16  5  2 1e  8  6 10 18 22
 1458:  9 15  4 16  8  2  5  6 1e 10 18 22
 1459:  9 15  4 16  8  2  5 10  6 22 18 1e
 1460:  9 15  4 16  8  2  5 10 1e 22 18  6
 1461:  9 15  4 16  8  2  5 1e  6 10 18 22
 1462:  9 15  4 16  8  2  6 10  5 22 18 1e
 1463:  9 15  4 16  8  2  6 1e  5 10 18 22
 1464:  9 15  4 16  8  2 1e  6  5 10 18 22
 1465:  9 15  4 16  8  2 1e 10  5 22 18  6
 1466:  9 15  4 16 18  2  5  8  6 22 10 1e
 1467:  9 15  4 16 18  2  5  8 1e 22 10  6
 1468:  9 15  4 16 18  2  6  8  5 22 10 1e
 1469:  9 15  4 16 18  2  8  6  5 22 10 1e
 1470:  9 15  4 16 18  2  8 1e  5 22 10  6
 1471:  9 15  4 16 18  2 1e  8  5 22 10  6
 1472:  9 15  4 18  5  2  8 16  6 22 10 1e
 1473:  9 15  4 18  5  2  8 16 1e 22 10  6
 1474:  9 15  4 18  5  2 16  8  6 22 10 1e
 1475:  9 15  4 18  5  2 16  8 1e 22 10  6
 1476:  9 15  4 18  8  2  5 16  6 22 10 1e
 1477:  9 15  4 18  8  2  5 16 1e 22 10  6
 1478:  9 15  4 18  8  2  6 16  5 22 10 1e
 1479:  9 15  4 18  8  2 16  6  5 22 10 1e
 1480:  9 15  4 18  8  2 16 1e  5 22 10  6
 1481:  9 15  4 18  8  2 1e 16  5 22 10  6
 1482:  9 15  4 22  5  2  8 16  6 10 18 1e
 1483:  9 15  4 22  5  2  8 16 1e 10 18  6
 1484:  9 15  4 22  5  2 16  8  6 10 18 1e
 1485:  9 15  4 22  5  2 16  8 1e 10 18  6
 1486:  9 15  4 22  8  2  5 16  6 10 18 1e
 1487:  9 15  4 22  8  2  5 16 1e 10 18  6
 1488:  9 15  4 22  8  2  6 16  5 10 18 1e
 1489:  9 15  4 22  8  2 16  6  5 10 18 1e
 1490:  9 15  4 22  8  2 16 1e  5 10 18  6
 1491:  9 15  4 22  8  2 1e 16  5 10 18  6
 1492:  9 15  8 10  4  2  5 16  6 22 18 1e
 1493:  9 15  8 10  4  2  5 16 1e 22 18  6
 1494:  9 15  8 10  4  2  6 16  5 22 18 1e
 1495:  9 15  8 10  4  2 16  6  5 22 18 1e
 1496:  9 15  8 10  4  2 16 1e  5 22 18  6
 1497:  9 15  8 10  4  2 1e 16  5 22 18  6
 1498:  9 15  8 10  5  2  6 16  4 22 18 1e
 1499:  9 15  8 10  5  2  6 16 1e 22 18  4
 1500:  9 15  8 10  5  2 16  4  6 22 18 1e
 1501:  9 15  8 10  5  2 16  4 1e 22 18  6
 1502:  9 15  8 10  5  2 16  6  4 22 18 1e
 1503:  9 15  8 10  5  2 16  6 1e 22 18  4
 1504:  9 15  8 10  5  2 16 1e  4 22 18  6
 1505:  9 15  8 10  5  2 16 1e  6 22 18  4
 1506:  9 15  8 10  5  2 1e 16  4 22 18  6
 1507:  9 15  8 10  5  2 1e 16  6 22 18  4
 1508:  9 15  8 16  4  2  5  6 1e 10 18 22
 1509:  9 15  8 16  4  2  5 10  6 22 18 1e
 1510:  9 15  8 16  4  2  5 10 1e 22 18  6
 1511:  9 15  8 16  4  2  5 1e  6 10 18 22
 1512:  9 15  8 16  4  2  6 10  5 22 18 1e
 1513:  9 15  8 16  4  2  6 1e  5 10 18 22
 1514:  9 15  8 16  4  2 1e  6  5 10 18 22
 1515:  9 15  8 16  4  2 1e 10  5 22 18  6
 1516:  9 15  8 16  5  2  6  4 1e 10 18 22
 1517:  9 15  8 16  5  2  6 10  4 22 18 1e
 1518:  9 15  8 16  5  2  6 10 1e 22 18  4
 1519:  9 15  8 16  5  2  6 1e  4 10 18 22
 1520:  9 15  8 16  5  2 1e  4  6 10 18 22
 1521:  9 15  8 16  5  2 1e  6  4 10 18 22
 1522:  9 15  8 16  5  2 1e 10  4 22 18  6
 1523:  9 15  8 16  5  2 1e 10  6 22 18  4
 1524:  9 15  8 16 18  2  5  4  6 22 10 1e
 1525:  9 15  8 16 18  2  5  4 1e 22 10  6
 1526:  9 15  8 16 18  2  5  6  4 22 10 1e
 1527:  9 15  8 16 18  2  5  6 1e 22 10  4
 1528:  9 15  8 16 18  2  5 1e  4 22 10  6
 1529:  9 15  8 16 18  2  5 1e  6 22 10  4
 1530:  9 15  8 16 18  2  6  4  5 22 10 1e
 1531:  9 15  8 16 18  2  6 1e  5 22 10  4
 1532:  9 15  8 16 18  2 1e  4  5 22 10  6
 1533:  9 15  8 16 18  2 1e  6  5 22 10  4
 1534:  9 15  8 18  4  2  5 16  6 22 10 1e
 1535:  9 15  8 18  4  2  5 16 1e 22 10  6
 1536:  9 15  8 18  4  2  6 16  5 22 10 1e
 1537:  9 15  8 18  4  2 16  6  5 22 10 1e
 1538:  9 15  8 18  4  2 16 1e  5 22 10  6
 1539:  9 15  8 18  4  2 1e 16  5 22 10  6
 1540:  9 15  8 18  5  2  6 16  4 22 10 1e
 1541:  9 15  8 18  5  2  6 16 1e 22 10  4
 1542:  9 15  8 18  5  2 16  4  6 22 10 1e
 1543:  9 15  8 18  5  2 16  4 1e 22 10  6
 1544:  9 15  8 18  5  2 16  6  4 22 10 1e
 1545:  9 15  8 18  5  2 16  6 1e 22 10  4
 1546:  9 15  8 18  5  2 16 1e  4 22 10  6
 1547:  9 15  8 18  5  2 16 1e  6 22 10  4
 1548:  9 15  8 18  5  2 1e 16  4 22 10  6
 1549:  9 15  8 18  5  2 1e 16  6 22 10  4
 1550:  9 15  8 22  4  2  5 16  6 10 18 1e
 1551:  9 15  8 22  4  2  5 16 1e 10 18  6
 1552:  9 15  8 22  4  2  6 16  5 10 18 1e
 1553:  9 15  8 22  4  2 16  6  5 10 18 1e
 1554:  9 15  8 22  4  2 16 1e  5 10 18  6
 1555:  9 15  8 22  4  2 1e 16  5 10 18  6
 1556:  9 15  8 22  5  2  6 16  4 10 18 1e
 1557:  9 15  8 22  5  2  6 16 1e 10 18  4
 1558:  9 15  8 22  5  2 16  4  6 10 18 1e
 1559:  9 15  8 22  5  2 16  4 1e 10 18  6
 1560:  9 15  8 22  5  2 16  6  4 10 18 1e
 1561:  9 15  8 22  5  2 16  6 1e 10 18  4
 1562:  9 15  8 22  5  2 16 1e  4 10 18  6
 1563:  9 15  8 22  5  2 16 1e  6 10 18  4
 1564:  9 15  8 22  5  2 1e 16  4 10 18  6
 1565:  9 15  8 22  5  2 1e 16  6 10 18  4
 1566:  9 15 16 10  4  2  5  8  6 22 18 1e
 1567:  9 15 16 10  4  2  5  8 1e 22 18  6
 1568:  9 15 16 10  4  2  6  8  5 22 18 1e
 1569:  9 15 16 10  4  2  8  6  5 22 18 1e
 1570:  9 15 16 10  4  2  8 1e  5 22 18  6
 1571:  9 15 16 10  4  2 1e  8  5 22 18  6
 1572:  9 15 16 10  5  2  6  8  4 22 18 1e
 1573:  9 15 16 10  5  2  6  8 1e 22 18  4
 1574:  9 15 16 10  5  2  8  4  6 22 18 1e
 1575:  9 15 16 10  5  2  8  4 1e 22 18  6
 1576:  9 15 16 10  5  2  8  6  4 22 18 1e
 1577:  9 15 16 10  5  2  8  6 1e 22 18  4
 1578:  9 15 16 10  5  2  8 1e  4 22 18  6
 1579:  9 15 16 10  5  2  8 1e  6 22 18  4
 1580:  9 15 16 10  5  2 1e  8  4 22 18  6
 1581:  9 15 16 10  5  2 1e  8  6 22 18  4
 1582:  9 15 16 10  8  2  5  4  6 22 18 1e
 1583:  9 15 16 10  8  2  5  4 1e 22 18  6
 1584:  9 15 16 10  8  2  5  6  4 22 18 1e
 1585:  9 15 16 10  8  2  5  6 1e 22 18  4
 1586:  9 15 16 10  8  2  5 1e  4 22 18  6
 1587:  9 15 16 10  8  2  5 1e  6 22 18  4
 1588:  9 15 16 10  8  2  6  4  5 22 18 1e
 1589:  9 15 16 10  8  2  6 1e  5 22 18  4
 1590:  9 15 16 10  8  2 1e  4  5 22 18  6
 1591:  9 15 16 10  8  2 1e  6  5 22 18  4
 1592:  9 15 16 18  4  2  5  8  6 22 10 1e
 1593:  9 15 16 18  4  2  5  8 1e 22 10  6
 1594:  9 15 16 18  4  2  6  8  5 22 10 1e
 1595:  9 15 16 18  4  2  8  6  5 22 10 1e
 1596:  9 15 16 18  4  2  8 1e  5 22 10  6
 1597:  9 15 16 18  4  2 1e  8  5 22 10  6
 1598:  9 15 16 18  5  2  6  8  4 22 10 1e
 1599:  9 15 16 18  5  2  6  8 1e 22 10  4
 1600:  9 15 16 18  5  2  8  4  6 22 10 1e
 1601:  9 15 16 18  5  2  8  4 1e 22 10  6
 1602:  9 15 16 18  5  2  8  6  4 22 10 1e
 1603:  9 15 16 18  5  2  8  6 1e 22 10  4
 1604:  9 15 16 18  5  2  8 1e  4 22 10  6
 1605:  9 15 16 18  5  2  8 1e  6 22 10  4
 1606:  9 15 16 18  5  2 1e  8  4 22 10  6
 1607:  9 15 16 18  5  2 1e  8  6 22 10  4
 1608:  9 15 16 18  8  2  5  4  6 22 10 1e
 1609:  9 15 16 18  8  2  5  4 1e 22 10  6
 1610:  9 15 16 18  8  2  5  6  4 22 10 1e
 1611:  9 15 16 18  8  2  5  6 1e 22 10  4
 1612:  9 15 16 18  8  2  5 1e  4 22 10  6
 1613:  9 15 16 18  8  2  5 1e  6 22 10  4
 1614:  9 15 16 18  8  2  6  4  5 22 10 1e
 1615:  9 15 16 18  8  2  6 1e  5 22 10  4
 1616:  9 15 16 18  8  2 1e  4  5 22 10  6
 1617:  9 15 16 18  8  2 1e  6  5 22 10  4
 1618:  9 15 16 22  4  2  5  8  6 10 18 1e
 1619:  9 15 16 22  4  2  5  8 1e 10 18  6
 1620:  9 15 16 22  4  2  6  8  5 10 18 1e
 1621:  9 15 16 22  4  2  8  6  5 10 18 1e
 1622:  9 15 16 22  4  2  8 1e  5 10 18  6
 1623:  9 15 16 22  4  2 1e  8  5 10 18  6
 1624:  9 15 16 22  5  2  6  8  4 10 18 1e
 1625:  9 15 16 22  5  2  6  8 1e 10 18  4
 1626:  9 15 16 22  5  2  8  4  6 10 18 1e
 1627:  9 15 16 22  5  2  8  4 1e 10 18  6
 1628:  9 15 16 22  5  2  8  6  4 10 18 1e
 1629:  9 15 16 22  5  2  8  6 1e 10 18  4
 1630:  9 15 16 22  5  2  8 1e  4 10 18  6
 1631:  9 15 16 22  5  2  8 1e  6 10 18  4
 1632:  9 15 16 22  5  2 1e  8  4 10 18  6
 1633:  9 15 16 22  5  2 1e  8  6 10 18  4
 1634:  9 15 16 22  8  2  5  4  6 10 18 1e
 1635:  9 15 16 22  8  2  5  4 1e 10 18  6
 1636:  9 15 16 22  8  2  5  6  4 10 18 1e
 1637:  9 15 16 22  8  2  5  6 1e 10 18  4
 1638:  9 15 16 22  8  2  5 1e  4 10 18  6
 1639:  9 15 16 22  8  2  5 1e  6 10 18  4
 1640:  9 15 16 22  8  2  6  4  5 10 18 1e
 1641:  9 15 16 22  8  2  6 1e  5 10 18  4
 1642:  9 15 16 22  8  2 1e  4  5 10 18  6
 1643:  9 15 16 22  8  2 1e  6  5 10 18  4
 1644:  9 15 18 16  4  2  5  8  6 22 10 1e
 1645:  9 15 18 16  4  2  5  8 1e 22 10  6
 1646:  9 15 18 16  4  2  6  8  5 22 10 1e
 1647:  9 15 18 16  4  2  8  6  5 22 10 1e
 1648:  9 15 18 16  4  2  8 1e  5 22 10  6
 1649:  9 15 18 16  4  2 1e  8  5 22 10  6
 1650:  9 15 18 16  5  2  6  8  4 22 10 1e
 1651:  9 15 18 16  5  2  6  8 1e 22 10  4
 1652:  9 15 18 16  5  2  8  4  6 22 10 1e
 1653:  9 15 18 16  5  2  8  4 1e 22 10  6
 1654:  9 15 18 16  5  2  8  6  4 22 10 1e
 1655:  9 15 18 16  5  2  8  6 1e 22 10  4
 1656:  9 15 18 16  5  2  8 1e  4 22 10  6
 1657:  9 15 18 16  5  2  8 1e  6 22 10  4
 1658:  9 15 18 16  5  2 1e  8  4 22 10  6
 1659:  9 15 18 16  5  2 1e  8  6 22 10  4
 1660:  9 15 18 16  8  2  5  4  6 22 10 1e
 1661:  9 15 18 16  8  2  5  4 1e 22 10  6
 1662:  9 15 18 16  8  2  5  6  4 22 10 1e
 1663:  9 15 18 16  8  2  5  6 1e 22 10  4
 1664:  9 15 18 16  8  2  5 1e  4 22 10  6
 1665:  9 15 18 16  8  2  5 1e  6 22 10  4
 1666:  9 15 18 16  8  2  6  4  5 22 10 1e
 1667:  9 15 18 16  8  2  6 1e  5 22 10  4
 1668:  9 15 18 16  8  2 1e  4  5 22 10  6
 1669:  9 15 18 16  8  2 1e  6  5 22 10  4
 1670:  9 16  4 10 15  2  5  8  6 22 18 1e
 1671:  9 16  4 10 15  2  5  8 1e 22 18  6
 1672:  9 16  4 10 15  2  6  8  5 22 18 1e
 1673:  9 16  4 10 15  2  8  6  5 22 18 1e
 1674:  9 16  4 10 15  2  8 1e  5 22 18  6
 1675:  9 16  4 10 15  2 1e  8  5 22 18  6
 1676:  9 16  4 15  5  2  6  8 1e 10 18 22
 1677:  9 16  4 15  5  2  8  6 1e 10 18 22
 1678:  9 16  4 15  5  2  8 10  6 22 18 1e
 1679:  9 16  4 15  5  2  8 10 1e 22 18  6
 1680:  9 16  4 15  5  2  8 1e  6 10 18 22
 1681:  9 16  4 15  5  2 1e  8  6 10 18 22
 1682:  9 16  4 15  8  2  5  6 1e 10 18 22
 1683:  9 16  4 15  8  2  5 10  6 22 18 1e
 1684:  9 16  4 15  8  2  5 10 1e 22 18  6
 1685:  9 16  4 15  8  2  5 1e  6 10 18 22
 1686:  9 16  4 15  8  2  6 10  5 22 18 1e
 1687:  9 16  4 15  8  2  6 1e  5 10 18 22
 1688:  9 16  4 15  8  2 1e  6  5 10 18 22
 1689:  9 16  4 15  8  2 1e 10  5 22 18  6
 1690:  9 16  4 15 18  2  5  8  6 22 10 1e
 1691:  9 16  4 15 18  2  5  8 1e 22 10  6
 1692:  9 16  4 15 18  2  6  8  5 22 10 1e
 1693:  9 16  4 15 18  2  8  6  5 22 10 1e
 1694:  9 16  4 15 18  2  8 1e  5 22 10  6
 1695:  9 16  4 15 18  2 1e  8  5 22 10  6
 1696:  9 16  4 18 15  2  5  8  6 22 10 1e
 1697:  9 16  4 18 15  2  5  8 1e 22 10  6
 1698:  9 16  4 18 15  2  6  8  5 22 10 1e
 1699:  9 16  4 18 15  2  8  6  5 22 10 1e
 1700:  9 16  4 18 15  2  8 1e  5 22 10  6
 1701:  9 16  4 18 15  2 1e  8  5 22 10  6
 1702:  9 16  4 22 15  2  5  8  6 10 18 1e
 1703:  9 16  4 22 15  2  5  8 1e 10 18  6
 1704:  9 16  4 22 15  2  6  8  5 10 18 1e
 1705:  9 16  4 22 15  2  8  6  5 10 18 1e
 1706:  9 16  4 22 15  2  8 1e  5 10 18  6
 1707:  9 16  4 22 15  2 1e  8  5 10 18  6
 1708:  9 16  8 10 15  2  5  4  6 22 18 1e
 1709:  9 16  8 10 15  2  5  4 1e 22 18  6
 1710:  9 16  8 10 15  2  5  6  4 22 18 1e
 1711:  9 16  8 10 15  2  5  6 1e 22 18  4
 1712:  9 16  8 10 15  2  5 1e  4 22 18  6
 1713:  9 16  8 10 15  2  5 1e  6 22 18  4
 1714:  9 16  8 10 15  2  6  4  5 22 18 1e
 1715:  9 16  8 10 15  2  6 1e  5 22 18  4
 1716:  9 16  8 10 15  2 1e  4  5 22 18  6
 1717:  9 16  8 10 15  2 1e  6  5 22 18  4
 1718:  9 16  8 15  4  2  5  6 1e 10 18 22
 1719:  9 16  8 15  4  2  5 10  6 22 18 1e
 1720:  9 16  8 15  4  2  5 10 1e 22 18  6
 1721:  9 16  8 15  4  2  5 1e  6 10 18 22
 1722:  9 16  8 15  4  2  6 10  5 22 18 1e
 1723:  9 16  8 15  4  2  6 1e  5 10 18 22
 1724:  9 16  8 15  4  2 1e  6  5 10 18 22
 1725:  9 16  8 15  4  2 1e 10  5 22 18  6
 1726:  9 16  8 15  5  2  6  4 1e 10 18 22
 1727:  9 16  8 15  5  2  6 10  4 22 18 1e
 1728:  9 16  8 15  5  2  6 10 1e 22 18  4
 1729:  9 16  8 15  5  2  6 1e  4 10 18 22
 1730:  9 16  8 15  5  2 1e  4  6 10 18 22
 1731:  9 16  8 15  5  2 1e  6  4 10 18 22
 1732:  9 16  8 15  5  2 1e 10  4 22 18  6
 1733:  9 16  8 15  5  2 1e 10  6 22 18  4
 1734:  9 16  8 15 18  2  5  4  6 22 10 1e
 1735:  9 16  8 15 18  2  5  4 1e 22 10  6
 1736:  9 16  8 15 18  2  5  6  4 22 10 1e
 1737:  9 16  8 15 18  2  5  6 1e 22 10  4
 1738:  9 16  8 15 18  2  5 1e  4 22 10  6
 1739:  9 16  8 15 18  2  5 1e  6 22 10  4
 1740:  9 16  8 15 18  2  6  4  5 22 10 1e
 1741:  9 16  8 15 18  2  6 1e  5 22 10  4
 1742:  9 16  8 15 18  2 1e  4  5 22 10  6
 1743:  9 16  8 15 18  2 1e  6  5 22 10  4
 1744:  9 16  8 18 15  2  5  4  6 22 10 1e
 1745:  9 16  8 18 15  2  5  4 1e 22 10  6
 1746:  9 16  8 18 15  2  5  6  4 22 10 1e
 1747:  9 16  8 18 15  2  5  6 1e 22 10  4
 1748:  9 16  8 18 15  2  5 1e  4 22 10  6
 1749:  9 16  8 18 15  2  5 1e  6 22 10  4
 1750:  9 16  8 18 15  2  6  4  5 22 10 1e
 1751:  9 16  8 18 15  2  6 1e  5 22 10  4
 1752:  9 16  8 18 15  2 1e  4  5 22 10  6
 1753:  9 16  8 18 15  2 1e  6  5 22 10  4
 1754:  9 16  8 22 15  2  5  4  6 10 18 1e
 1755:  9 16  8 22 15  2  5  4 1e 10 18  6
 1756:  9 16  8 22 15  2  5  6  4 10 18 1e
 1757:  9 16  8 22 15  2  5  6 1e 10 18  4
 1758:  9 16  8 22 15  2  5 1e  4 10 18  6
 1759:  9 16  8 22 15  2  5 1e  6 10 18  4
 1760:  9 16  8 22 15  2  6  4  5 10 18 1e
 1761:  9 16  8 22 15  2  6 1e  5 10 18  4
 1762:  9 16  8 22 15  2 1e  4  5 10 18  6
 1763:  9 16  8 22 15  2 1e  6  5 10 18  4
 1764:  9 16 15 10  4  2  5  8  6 22 18 1e
 1765:  9 16 15 10  4  2  5  8 1e 22 18  6
 1766:  9 16 15 10  4  2  6  8  5 22 18 1e
 1767:  9 16 15 10  4  2  8  6  5 22 18 1e
 1768:  9 16 15 10  4  2  8 1e  5 22 18  6
 1769:  9 16 15 10  4  2 1e  8  5 22 18  6
 1770:  9 16 15 10  5  2  6  8  4 22 18 1e
 1771:  9 16 15 10  5  2  6  8 1e 22 18  4
 1772:  9 16 15 10  5  2  8  4  6 22 18 1e
 1773:  9 16 15 10  5  2  8  4 1e 22 18  6
 1774:  9 16 15 10  5  2  8  6  4 22 18 1e
 1775:  9 16 15 10  5  2  8  6 1e 22 18  4
 1776:  9 16 15 10  5  2  8 1e  4 22 18  6
 1777:  9 16 15 10  5  2  8 1e  6 22 18  4
 1778:  9 16 15 10  5  2 1e  8  4 22 18  6
 1779:  9 16 15 10  5  2 1e  8  6 22 18  4
 1780:  9 16 15 10  8  2  5  4  6 22 18 1e
 1781:  9 16 15 10  8  2  5  4 1e 22 18  6
 1782:  9 16 15 10  8  2  5  6  4 22 18 1e
 1783:  9 16 15 10  8  2  5  6 1e 22 18  4
 1784:  9 16 15 10  8  2  5 1e  4 22 18  6
 1785:  9 16 15 10  8  2  5 1e  6 22 18  4
 1786:  9 16 15 10  8  2  6  4  5 22 18 1e
 1787:  9 16 15 10  8  2  6 1e  5 22 18  4
 1788:  9 16 15 10  8  2 1e  4  5 22 18  6
 1789:  9 16 15 10  8  2 1e  6  5 22 18  4
 1790:  9 16 15 18  4  2  5  8  6 22 10 1e
 1791:  9 16 15 18  4  2  5  8 1e 22 10  6
 1792:  9 16 15 18  4  2  6  8  5 22 10 1e
 1793:  9 16 15 18  4  2  8  6  5 22 10 1e
 1794:  9 16 15 18  4  2  8 1e  5 22 10  6
 1795:  9 16 15 18  4  2 1e  8  5 22 10  6
 1796:  9 16 15 18  5  2  6  8  4 22 10 1e
 1797:  9 16 15 18  5  2  6  8 1e 22 10  4
 1798:  9 16 15 18  5  2  8  4  6 22 10 1e
 1799:  9 16 15 18  5  2  8  4 1e 22 10  6
 1800:  9 16 15 18  5  2  8  6  4 22 10 1e
 1801:  9 16 15 18  5  2  8  6 1e 22 10  4
 1802:  9 16 15 18  5  2  8 1e  4 22 10  6
 1803:  9 16 15 18  5  2  8 1e  6 22 10  4
 1804:  9 16 15 18  5  2 1e  8  4 22 10  6
 1805:  9 16 15 18  5  2 1e  8  6 22 10  4
 1806:  9 16 15 18  8  2  5  4  6 22 10 1e
 1807:  9 16 15 18  8  2  5  4 1e 22 10  6
 1808:  9 16 15 18  8  2  5  6  4 22 10 1e
 1809:  9 16 15 18  8  2  5  6 1e 22 10  4
 1810:  9 16 15 18  8  2  5 1e  4 22 10  6
 1811:  9 16 15 18  8  2  5 1e  6 22 10  4
 1812:  9 16 15 18  8  2  6  4  5 22 10 1e
 1813:  9 16 15 18  8  2  6 1e  5 22 10  4
 1814:  9 16 15 18  8  2 1e  4  5 22 10  6
 1815:  9 16 15 18  8  2 1e  6  5 22 10  4
 1816:  9 16 15 22  4  2  5  8  6 10 18 1e
 1817:  9 16 15 22  4  2  5  8 1e 10 18  6
 1818:  9 16 15 22  4  2  6  8  5 10 18 1e
 1819:  9 16 15 22  4  2  8  6  5 10 18 1e
 1820:  9 16 15 22  4  2  8 1e  5 10 18  6
 1821:  9 16 15 22  4  2 1e  8  5 10 18  6
 1822:  9 16 15 22  5  2  6  8  4 10 18 1e
 1823:  9 16 15 22  5  2  6  8 1e 10 18  4
 1824:  9 16 15 22  5  2  8  4  6 10 18 1e
 1825:  9 16 15 22  5  2  8  4 1e 10 18  6
 1826:  9 16 15 22  5  2  8  6  4 10 18 1e
 1827:  9 16 15 22  5  2  8  6 1e 10 18  4
 1828:  9 16 15 22  5  2  8 1e  4 10 18  6
 1829:  9 16 15 22  5  2  8 1e  6 10 18  4
 1830:  9 16 15 22  5  2 1e  8  4 10 18  6
 1831:  9 16 15 22  5  2 1e  8  6 10 18  4
 1832:  9 16 15 22  8  2  5  4  6 10 18 1e
 1833:  9 16 15 22  8  2  5  4 1e 10 18  6
 1834:  9 16 15 22  8  2  5  6  4 10 18 1e
 1835:  9 16 15 22  8  2  5  6 1e 10 18  4
 1836:  9 16 15 22  8  2  5 1e  4 10 18  6
 1837:  9 16 15 22  8  2  5 1e  6 10 18  4
 1838:  9 16 15 22  8  2  6  4  5 10 18 1e
 1839:  9 16 15 22  8  2  6 1e  5 10 18  4
 1840:  9 16 15 22  8  2 1e  4  5 10 18  6
 1841:  9 16 15 22  8  2 1e  6  5 10 18  4
 1842:  9 16 18 15  4  2  5  8  6 22 10 1e
 1843:  9 16 18 15  4  2  5  8 1e 22 10  6
 1844:  9 16 18 15  4  2  6  8  5 22 10 1e
 1845:  9 16 18 15  4  2  8  6  5 22 10 1e
 1846:  9 16 18 15  4  2  8 1e  5 22 10  6
 1847:  9 16 18 15  4  2 1e  8  5 22 10  6
 1848:  9 16 18 15  5  2  6  8  4 22 10 1e
 1849:  9 16 18 15  5  2  6  8 1e 22 10  4
 1850:  9 16 18 15  5  2  8  4  6 22 10 1e
 1851:  9 16 18 15  5  2  8  4 1e 22 10  6
 1852:  9 16 18 15  5  2  8  6  4 22 10 1e
 1853:  9 16 18 15  5  2  8  6 1e 22 10  4
 1854:  9 16 18 15  5  2  8 1e  4 22 10  6
 1855:  9 16 18 15  5  2  8 1e  6 22 10  4
 1856:  9 16 18 15  5  2 1e  8  4 22 10  6
 1857:  9 16 18 15  5  2 1e  8  6 22 10  4
 1858:  9 16 18 15  8  2  5  4  6 22 10 1e
 1859:  9 16 18 15  8  2  5  4 1e 22 10  6
 1860:  9 16 18 15  8  2  5  6  4 22 10 1e
 1861:  9 16 18 15  8  2  5  6 1e 22 10  4
 1862:  9 16 18 15  8  2  5 1e  4 22 10  6
 1863:  9 16 18 15  8  2  5 1e  6 22 10  4
 1864:  9 16 18 15  8  2  6  4  5 22 10 1e
 1865:  9 16 18 15  8  2  6 1e  5 22 10  4
 1866:  9 16 18 15  8  2 1e  4  5 22 10  6
 1867:  9 16 18 15  8  2 1e  6  5 22 10  4
 1868:  9 1e  4 10 15  2  8 16  5 22 18  6
 1869:  9 1e  4 10 15  2 16  8  5 22 18  6
 1870:  9 1e  4 15  5  2  8 16  6 10 18 22
 1871:  9 1e  4 15  5  2 16  8  6 10 18 22
 1872:  9 1e  4 15  8  2  5 16  6 10 18 22
 1873:  9 1e  4 15  8  2  6 16  5 10 18 22
 1874:  9 1e  4 15  8  2 16  6  5 10 18 22
 1875:  9 1e  4 15  8  2 16 10  5 22 18  6
 1876:  9 1e  4 15 18  2  8 16  5 22 10  6
 1877:  9 1e  4 15 18  2 16  8  5 22 10  6
 1878:  9 1e  4 16 15  2  5  8  6 10 18 22
 1879:  9 1e  4 16 15  2  6  8  5 10 18 22
 1880:  9 1e  4 16 15  2  8  6  5 10 18 22
 1881:  9 1e  4 16 15  2  8 10  5 22 18  6
 1882:  9 1e  4 18 15  2  8 16  5 22 10  6
 1883:  9 1e  4 18 15  2 16  8  5 22 10  6
 1884:  9 1e  4 22 15  2  8 16  5 10 18  6
 1885:  9 1e  4 22 15  2 16  8  5 10 18  6
 1886:  9 1e  8 10 15  2  5 16  4 22 18  6
 1887:  9 1e  8 10 15  2  5 16  6 22 18  4
 1888:  9 1e  8 10 15  2  6 16  5 22 18  4
 1889:  9 1e  8 10 15  2 16  4  5 22 18  6
 1890:  9 1e  8 10 15  2 16  6  5 22 18  4
 1891:  9 1e  8 15  4  2  5 16  6 10 18 22
 1892:  9 1e  8 15  4  2  6 16  5 10 18 22
 1893:  9 1e  8 15  4  2 16  6  5 10 18 22
 1894:  9 1e  8 15  4  2 16 10  5 22 18  6
 1895:  9 1e  8 15  5  2  6 16  4 10 18 22
 1896:  9 1e  8 15  5  2 16  4  6 10 18 22
 1897:  9 1e  8 15  5  2 16  6  4 10 18 22
 1898:  9 1e  8 15  5  2 16 10  4 22 18  6
 1899:  9 1e  8 15  5  2 16 10  6 22 18  4
 1900:  9 1e  8 15 18  2  5 16  4 22 10  6
 1901:  9 1e  8 15 18  2  5 16  6 22 10  4
 1902:  9 1e  8 15 18  2  6 16  5 22 10  4
 1903:  9 1e  8 15 18  2 16  4  5 22 10  6
 1904:  9 1e  8 15 18  2 16  6  5 22 10  4
 1905:  9 1e  8 16 15  2  5  4  6 10 18 22
 1906:  9 1e  8 16 15  2  5  6  4 10 18 22
 1907:  9 1e  8 16 15  2  5 10  4 22 18  6
 1908:  9 1e  8 16 15  2  5 10  6 22 18  4
 1909:  9 1e  8 16 15  2  6  4  5 10 18 22
 1910:  9 1e  8 16 15  2  6 10  5 22 18  4
 1911:  9 1e  8 18 15  2  5 16  4 22 10  6
 1912:  9 1e  8 18 15  2  5 16  6 22 10  4
 1913:  9 1e  8 18 15  2  6 16  5 22 10  4
 1914:  9 1e  8 18 15  2 16  4  5 22 10  6
 1915:  9 1e  8 18 15  2 16  6  5 22 10  4
 1916:  9 1e  8 22 15  2  5 16  4 10 18  6
 1917:  9 1e  8 22 15  2  5 16  6 10 18  4
 1918:  9 1e  8 22 15  2  6 16  5 10 18  4
 1919:  9 1e  8 22 15  2 16  4  5 10 18  6
 1920:  9 1e  8 22 15  2 16  6  5 10 18  4
 1921:  9 1e 15 10  4  2  8 16  5 22 18  6
 1922:  9 1e 15 10  4  2 16  8  5 22 18  6
 1923:  9 1e 15 10  5  2  8 16  4 22 18  6
 1924:  9 1e 15 10  5  2  8 16  6 22 18  4
 1925:  9 1e 15 10  5  2 16  8  4 22 18  6
 1926:  9 1e 15 10  5  2 16  8  6 22 18  4
 1927:  9 1e 15 10  8  2  5 16  4 22 18  6
 1928:  9 1e 15 10  8  2  5 16  6 22 18  4
 1929:  9 1e 15 10  8  2  6 16  5 22 18  4
 1930:  9 1e 15 10  8  2 16  4  5 22 18  6
 1931:  9 1e 15 10  8  2 16  6  5 22 18  4
 1932:  9 1e 15 16  4  2  5  8  6 10 18 22
 1933:  9 1e 15 16  4  2  6  8  5 10 18 22
 1934:  9 1e 15 16  4  2  8  6  5 10 18 22
 1935:  9 1e 15 16  4  2  8 10  5 22 18  6
 1936:  9 1e 15 16  5  2  6  8  4 10 18 22
 1937:  9 1e 15 16  5  2  8  4  6 10 18 22
 1938:  9 1e 15 16  5  2  8  6  4 10 18 22
 1939:  9 1e 15 16  5  2  8 10  4 22 18  6
 1940:  9 1e 15 16  5  2  8 10  6 22 18  4
 1941:  9 1e 15 16  8  2  5  4  6 10 18 22
 1942:  9 1e 15 16  8  2  5  6  4 10 18 22
 1943:  9 1e 15 16  8  2  5 10  4 22 18  6
 1944:  9 1e 15 16  8  2  5 10  6 22 18  4
 1945:  9 1e 15 16  8  2  6  4  5 10 18 22
 1946:  9 1e 15 16  8  2  6 10  5 22 18  4
 1947:  9 1e 15 16 18  2  5  8  4 22 10  6
 1948:  9 1e 15 16 18  2  5  8  6 22 10  4
 1949:  9 1e 15 16 18  2  6  8  5 22 10  4
 1950:  9 1e 15 16 18  2  8  4  5 22 10  6
 1951:  9 1e 15 16 18  2  8  6  5 22 10  4
 1952:  9 1e 15 18  4  2  8 16  5 22 10  6
 1953:  9 1e 15 18  4  2 16  8  5 22 10  6
 1954:  9 1e 15 18  5  2  8 16  4 22 10  6
 1955:  9 1e 15 18  5  2  8 16  6 22 10  4
 1956:  9 1e 15 18  5  2 16  8  4 22 10  6
 1957:  9 1e 15 18  5  2 16  8  6 22 10  4
 1958:  9 1e 15 18  8  2  5 16  4 22 10  6
 1959:  9 1e 15 18  8  2  5 16  6 22 10  4
 1960:  9 1e 15 18  8  2  6 16  5 22 10  4
 1961:  9 1e 15 18  8  2 16  4  5 22 10  6
 1962:  9 1e 15 18  8  2 16  6  5 22 10  4
 1963:  9 1e 15 22  4  2  8 16  5 10 18  6
 1964:  9 1e 15 22  4  2 16  8  5 10 18  6
 1965:  9 1e 15 22  5  2  8 16  4 10 18  6
 1966:  9 1e 15 22  5  2  8 16  6 10 18  4
 1967:  9 1e 15 22  5  2 16  8  4 10 18  6
 1968:  9 1e 15 22  5  2 16  8  6 10 18  4
 1969:  9 1e 15 22  8  2  5 16  4 10 18  6
 1970:  9 1e 15 22  8  2  5 16  6 10 18  4
 1971:  9 1e 15 22  8  2  6 16  5 10 18  4
 1972:  9 1e 15 22  8  2 16  4  5 10 18  6
 1973:  9 1e 15 22  8  2 16  6  5 10 18  4
 1974:  9 1e 16 10 15  2  5  8  4 22 18  6
 1975:  9 1e 16 10 15  2  5  8  6 22 18  4
 1976:  9 1e 16 10 15  2  6  8  5 22 18  4
 1977:  9 1e 16 10 15  2  8  4  5 22 18  6
 1978:  9 1e 16 10 15  2  8  6  5 22 18  4
 1979:  9 1e 16 15  4  2  5  8  6 10 18 22
 1980:  9 1e 16 15  4  2  6  8  5 10 18 22
 1981:  9 1e 16 15  4  2  8  6  5 10 18 22
 1982:  9 1e 16 15  4  2  8 10  5 22 18  6
 1983:  9 1e 16 15  5  2  6  8  4 10 18 22
 1984:  9 1e 16 15  5  2  8  4  6 10 18 22
 1985:  9 1e 16 15  5  2  8  6  4 10 18 22
 1986:  9 1e 16 15  5  2  8 10  4 22 18  6
 1987:  9 1e 16 15  5  2  8 10  6 22 18  4
 1988:  9 1e 16 15  8  2  5  4  6 10 18 22
 1989:  9 1e 16 15  8  2  5  6  4 10 18 22
 1990:  9 1e 16 15  8  2  5 10  4 22 18  6
 1991:  9 1e 16 15  8  2  5 10  6 22 18  4
 1992:  9 1e 16 15  8  2  6  4  5 10 18 22
 1993:  9 1e 16 15  8  2  6 10  5 22 18  4
 1994:  9 1e 16 15 18  2  5  8  4 22 10  6
 1995:  9 1e 16 15 18  2  5  8  6 22 10  4
 1996:  9 1e 16 15 18  2  6  8  5 22 10  4
 1997:  9 1e 16 15 18  2  8  4  5 22 10  6
 1998:  9 1e 16 15 18  2  8  6  5 22 10  4
 1999:  9 1e 16 18 15  2  5  8  4 22 10  6
 2000:  9 1e 16 18 15  2  5  8  6 22 10  4
 2001:  9 1e 16 18 15  2  6  8  5 22 10  4
 2002:  9 1e 16 18 15  2  8  4  5 22 10  6
 2003:  9 1e 16 18 15  2  8  6  5 22 10  4
 2004:  9 1e 16 22 15  2  5  8  4 10 18  6
 2005:  9 1e 16 22 15  2  5  8  6 10 18  4
 2006:  9 1e 16 22 15  2  6  8  5 10 18  4
 2007:  9 1e 16 22 15  2  8  4  5 10 18  6
 2008:  9 1e 16 22 15  2  8  6  5 10 18  4
 2009:  9 1e 18 15  4  2  8 16  5 22 10  6
 2010:  9 1e 18 15  4  2 16  8  5 22 10  6
 2011:  9 1e 18 15  5  2  8 16  4 22 10  6
 2012:  9 1e 18 15  5  2  8 16  6 22 10  4
 2013:  9 1e 18 15  5  2 16  8  4 22 10  6
 2014:  9 1e 18 15  5  2 16  8  6 22 10  4
 2015:  9 1e 18 15  8  2  5 16  4 22 10  6
 2016:  9 1e 18 15  8  2  5 16  6 22 10  4
 2017:  9 1e 18 15  8  2  6 16  5 22 10  4
 2018:  9 1e 18 15  8  2 16  4  5 22 10  6
 2019:  9 1e 18 15  8  2 16  6  5 22 10  4
 2020:  9 1e 18 16 15  2  5  8  4 22 10  6
 2021:  9 1e 18 16 15  2  5  8  6 22 10  4
 2022:  9 1e 18 16 15  2  6  8  5 22 10  4
 2023:  9 1e 18 16 15  2  8  4  5 22 10  6
 2024:  9 1e 18 16 15  2  8  6  5 22 10  4
 2025: 16  8  4 10 15  2  5  6 1e  9 18 22
 2026: 16  8  4 10 15  2  5 1e  6  9 18 22
 2027: 16  8  4 10 15  2  6 1e  5  9 18 22
 2028: 16  8  4 10 15  2 1e  6  5  9 18 22
 2029: 16  8  4 15  5  2  6 10 1e  9 18 22
 2030: 16  8  4 15  5  2 1e 10  6  9 18 22
 2031: 16  8  4 15 18  2  5  6 1e  9 10 22
 2032: 16  8  4 15 18  2  5 1e  6  9 10 22
 2033: 16  8  4 15 18  2  6 1e  5  9 10 22
 2034: 16  8  4 15 18  2 1e  6  5  9 10 22
 2035: 16  8  4 18 15  2  5  6 1e  9 10 22
 2036: 16  8  4 18 15  2  5 1e  6  9 10 22
 2037: 16  8  4 18 15  2  6 1e  5  9 10 22
 2038: 16  8  4 18 15  2 1e  6  5  9 10 22
 2039: 16  8  4 22 15  2  5 10  6  9 18 1e
 2040: 16  8  4 22 15  2  5 10 1e  9 18  6
 2041: 16  8  4 22 15  2  6 10  5  9 18 1e
 2042: 16  8  4 22 15  2 1e 10  5  9 18  6
 2043: 16  8 15 10  4  2  5  6 1e  9 18 22
 2044: 16  8 15 10  4  2  5 1e  6  9 18 22
 2045: 16  8 15 10  4  2  6 1e  5  9 18 22
 2046: 16  8 15 10  4  2 1e  6  5  9 18 22
 2047: 16  8 15 10  5  2  6  4 1e  9 18 22
 2048: 16  8 15 10  5  2  6 1e  4  9 18 22
 2049: 16  8 15 10  5  2 1e  4  6  9 18 22
 2050: 16  8 15 10  5  2 1e  6  4  9 18 22
 2051: 16  8 15 18  4  2  5  6 1e  9 10 22
 2052: 16  8 15 18  4  2  5 1e  6  9 10 22
 2053: 16  8 15 18  4  2  6 1e  5  9 10 22
 2054: 16  8 15 18  4  2 1e  6  5  9 10 22
 2055: 16  8 15 18  5  2  6  4 1e  9 10 22
 2056: 16  8 15 18  5  2  6 1e  4  9 10 22
 2057: 16  8 15 18  5  2 1e  4  6  9 10 22
 2058: 16  8 15 18  5  2 1e  6  4  9 10 22
 2059: 16  8 15 22  4  2  5 10  6  9 18 1e
 2060: 16  8 15 22  4  2  5 10 1e  9 18  6
 2061: 16  8 15 22  4  2  6 10  5  9 18 1e
 2062: 16  8 15 22  4  2 1e 10  5  9 18  6
 2063: 16  8 15 22  5  2  6 10  4  9 18 1e
 2064: 16  8 15 22  5  2  6 10 1e  9 18  4
 2065: 16  8 15 22  5  2 1e 10  4  9 18  6
 2066: 16  8 15 22  5  2 1e 10  6  9 18  4
 2067: 16  8 15 22 18  2  5  4  6  9 10 1e
 2068: 16  8 15 22 18  2  5  4 1e  9 10  6
 2069: 16  8 15 22 18  2  5  6  4  9 10 1e
 2070: 16  8 15 22 18  2  5  6 1e  9 10  4
 2071: 16  8 15 22 18  2  5 1e  4  9 10  6
 2072: 16  8 15 22 18  2  5 1e  6  9 10  4
 2073: 16  8 15 22 18  2  6  4  5  9 10 1e
 2074: 16  8 15 22 18  2  6 1e  5  9 10  4
 2075: 16  8 15 22 18  2 1e  4  5  9 10  6
 2076: 16  8 15 22 18  2 1e  6  5  9 10  4
 2077: 16  8 18 15  4  2  5  6 1e  9 10 22
 2078: 16  8 18 15  4  2  5 1e  6  9 10 22
 2079: 16  8 18 15  4  2  6 1e  5  9 10 22
 2080: 16  8 18 15  4  2 1e  6  5  9 10 22
 2081: 16  8 18 15  5  2  6  4 1e  9 10 22
 2082: 16  8 18 15  5  2  6 1e  4  9 10 22
 2083: 16  8 18 15  5  2 1e  4  6  9 10 22
 2084: 16  8 18 15  5  2 1e  6  4  9 10 22
 2085: 16  8 18 22 15  2  5  4  6  9 10 1e
 2086: 16  8 18 22 15  2  5  4 1e  9 10  6
 2087: 16  8 18 22 15  2  5  6  4  9 10 1e
 2088: 16  8 18 22 15  2  5  6 1e  9 10  4
 2089: 16  8 18 22 15  2  5 1e  4  9 10  6
 2090: 16  8 18 22 15  2  5 1e  6  9 10  4
 2091: 16  8 18 22 15  2  6  4  5  9 10 1e
 2092: 16  8 18 22 15  2  6 1e  5  9 10  4
 2093: 16  8 18 22 15  2 1e  4  5  9 10  6
 2094: 16  8 18 22 15  2 1e  6  5  9 10  4
 2095: 16 10  4 15  5  2  6  8 1e  9 18 22
 2096: 16 10  4 15  5  2  8  6 1e  9 18 22
 2097: 16 10  4 15  5  2  8 1e  6  9 18 22
 2098: 16 10  4 15  5  2 1e  8  6  9 18 22
 2099: 16 10  4 15  8  2  5  6 1e  9 18 22
 2100: 16 10  4 15  8  2  5 1e  6  9 18 22
 2101: 16 10  4 15  8  2  6 1e  5  9 18 22
 2102: 16 10  4 15  8  2 1e  6  5  9 18 22
 2103: 16 10  4 22 15  2  5  8  6  9 18 1e
 2104: 16 10  4 22 15  2  5  8 1e  9 18  6
 2105: 16 10  4 22 15  2  6  8  5  9 18 1e
 2106: 16 10  4 22 15  2  8  6  5  9 18 1e
 2107: 16 10  4 22 15  2  8 1e  5  9 18  6
 2108: 16 10  4 22 15  2 1e  8  5  9 18  6
 2109: 16 10  8 15  4  2  5  6 1e  9 18 22
 2110: 16 10  8 15  4  2  5 1e  6  9 18 22
 2111: 16 10  8 15  4  2  6 1e  5  9 18 22
 2112: 16 10  8 15  4  2 1e  6  5  9 18 22
 2113: 16 10  8 15  5  2  6  4 1e  9 18 22
 2114: 16 10  8 15  5  2  6 1e  4  9 18 22
 2115: 16 10  8 15  5  2 1e  4  6  9 18 22
 2116: 16 10  8 15  5  2 1e  6  4  9 18 22
 2117: 16 10  8 22 15  2  5  4  6  9 18 1e
 2118: 16 10  8 22 15  2  5  4 1e  9 18  6
 2119: 16 10  8 22 15  2  5  6  4  9 18 1e
 2120: 16 10  8 22 15  2  5  6 1e  9 18  4
 2121: 16 10  8 22 15  2  5 1e  4  9 18  6
 2122: 16 10  8 22 15  2  5 1e  6  9 18  4
 2123: 16 10  8 22 15  2  6  4  5  9 18 1e
 2124: 16 10  8 22 15  2  6 1e  5  9 18  4
 2125: 16 10  8 22 15  2 1e  4  5  9 18  6
 2126: 16 10  8 22 15  2 1e  6  5  9 18  4
 2127: 16 10 15 22  4  2  5  8  6  9 18 1e
 2128: 16 10 15 22  4  2  5  8 1e  9 18  6
 2129: 16 10 15 22  4  2  6  8  5  9 18 1e
 2130: 16 10 15 22  4  2  8  6  5  9 18 1e
 2131: 16 10 15 22  4  2  8 1e  5  9 18  6
 2132: 16 10 15 22  4  2 1e  8  5  9 18  6
 2133: 16 10 15 22  5  2  6  8  4  9 18 1e
 2134: 16 10 15 22  5  2  6  8 1e  9 18  4
 2135: 16 10 15 22  5  2  8  4  6  9 18 1e
 2136: 16 10 15 22  5  2  8  4 1e  9 18  6
 2137: 16 10 15 22  5  2  8  6  4  9 18 1e
 2138: 16 10 15 22  5  2  8  6 1e  9 18  4
 2139: 16 10 15 22  5  2  8 1e  4  9 18  6
 2140: 16 10 15 22  5  2  8 1e  6  9 18  4
 2141: 16 10 15 22  5  2 1e  8  4  9 18  6
 2142: 16 10 15 22  5  2 1e  8  6  9 18  4
 2143: 16 10 15 22  8  2  5  4  6  9 18 1e
 2144: 16 10 15 22  8  2  5  4 1e  9 18  6
 2145: 16 10 15 22  8  2  5  6  4  9 18 1e
 2146: 16 10 15 22  8  2  5  6 1e  9 18  4
 2147: 16 10 15 22  8  2  5 1e  4  9 18  6
 2148: 16 10 15 22  8  2  5 1e  6  9 18  4
 2149: 16 10 15 22  8  2  6  4  5  9 18 1e
 2150: 16 10 15 22  8  2  6 1e  5  9 18  4
 2151: 16 10 15 22  8  2 1e  4  5  9 18  6
 2152: 16 10 15 22  8  2 1e  6  5  9 18  4
 2153: 16 15  4 10  5  2  6  8 1e  9 18 22
 2154: 16 15  4 10  5  2  8  6 1e  9 18 22
 2155: 16 15  4 10  5  2  8 1e  6  9 18 22
 2156: 16 15  4 10  5  2 1e  8  6  9 18 22
 2157: 16 15  4 10  8  2  5  6 1e  9 18 22
 2158: 16 15  4 10  8  2  5 1e  6  9 18 22
 2159: 16 15  4 10  8  2  6 1e  5  9 18 22
 2160: 16 15  4 10  8  2 1e  6  5  9 18 22
 2161: 16 15  4 18  5  2  6  8 1e  9 10 22
 2162: 16 15  4 18  5  2  8  6 1e  9 10 22
 2163: 16 15  4 18  5  2  8 1e  6  9 10 22
 2164: 16 15  4 18  5  2 1e  8  6  9 10 22
 2165: 16 15  4 18  8  2  5  6 1e  9 10 22
 2166: 16 15  4 18  8  2  5 1e  6  9 10 22
 2167: 16 15  4 18  8  2  6 1e  5  9 10 22
 2168: 16 15  4 18  8  2 1e  6  5  9 10 22
 2169: 16 15  4 22  5  2  8 10  6  9 18 1e
 2170: 16 15  4 22  5  2  8 10 1e  9 18  6
 2171: 16 15  4 22  8  2  5 10  6  9 18 1e
 2172: 16 15  4 22  8  2  5 10 1e  9 18  6
 2173: 16 15  4 22  8  2  6 10  5  9 18 1e
 2174: 16 15  4 22  8  2 1e 10  5  9 18  6
 2175: 16 15  4 22 18  2  5  8  6  9 10 1e
 2176: 16 15  4 22 18  2  5  8 1e  9 10  6
 2177: 16 15  4 22 18  2  6  8  5  9 10 1e
 2178: 16 15  4 22 18  2  8  6  5  9 10 1e
 2179: 16 15  4 22 18  2  8 1e  5  9 10  6
 2180: 16 15  4 22 18  2 1e  8  5  9 10  6
 2181: 16 15  8 10  4  2  5  6 1e  9 18 22
 2182: 16 15  8 10  4  2  5 1e  6  9 18 22
 2183: 16 15  8 10  4  2  6 1e  5  9 18 22
 2184: 16 15  8 10  4  2 1e  6  5  9 18 22
 2185: 16 15  8 10  5  2  6  4 1e  9 18 22
 2186: 16 15  8 10  5  2  6 1e  4  9 18 22
 2187: 16 15  8 10  5  2 1e  4  6  9 18 22
 2188: 16 15  8 10  5  2 1e  6  4  9 18 22
 2189: 16 15  8 18  4  2  5  6 1e  9 10 22
 2190: 16 15  8 18  4  2  5 1e  6  9 10 22
 2191: 16 15  8 18  4  2  6 1e  5  9 10 22
 2192: 16 15  8 18  4  2 1e  6  5  9 10 22
 2193: 16 15  8 18  5  2  6  4 1e  9 10 22
 2194: 16 15  8 18  5  2  6 1e  4  9 10 22
 2195: 16 15  8 18  5  2 1e  4  6  9 10 22
 2196: 16 15  8 18  5  2 1e  6  4  9 10 22
 2197: 16 15  8 22  4  2  5 10  6  9 18 1e
 2198: 16 15  8 22  4  2  5 10 1e  9 18  6
 2199: 16 15  8 22  4  2  6 10  5  9 18 1e
 2200: 16 15  8 22  4  2 1e 10  5  9 18  6
 2201: 16 15  8 22  5  2  6 10  4  9 18 1e
 2202: 16 15  8 22  5  2  6 10 1e  9 18  4
 2203: 16 15  8 22  5  2 1e 10  4  9 18  6
 2204: 16 15  8 22  5  2 1e 10  6  9 18  4
 2205: 16 15  8 22 18  2  5  4  6  9 10 1e
 2206: 16 15  8 22 18  2  5  4 1e  9 10  6
 2207: 16 15  8 22 18  2  5  6  4  9 10 1e
 2208: 16 15  8 22 18  2  5  6 1e  9 10  4
 2209: 16 15  8 22 18  2  5 1e  4  9 10  6
 2210: 16 15  8 22 18  2  5 1e  6  9 10  4
 2211: 16 15  8 22 18  2  6  4  5  9 10 1e
 2212: 16 15  8 22 18  2  6 1e  5  9 10  4
 2213: 16 15  8 22 18  2 1e  4  5  9 10  6
 2214: 16 15  8 22 18  2 1e  6  5  9 10  4
 2215: 16 15 18 22  4  2  5  8  6  9 10 1e
 2216: 16 15 18 22  4  2  5  8 1e  9 10  6
 2217: 16 15 18 22  4  2  6  8  5  9 10 1e
 2218: 16 15 18 22  4  2  8  6  5  9 10 1e
 2219: 16 15 18 22  4  2  8 1e  5  9 10  6
 2220: 16 15 18 22  4  2 1e  8  5  9 10  6
 2221: 16 15 18 22  5  2  6  8  4  9 10 1e
 2222: 16 15 18 22  5  2  6  8 1e  9 10  4
 2223: 16 15 18 22  5  2  8  4  6  9 10 1e
 2224: 16 15 18 22  5  2  8  4 1e  9 10  6
 2225: 16 15 18 22  5  2  8  6  4  9 10 1e
 2226: 16 15 18 22  5  2  8  6 1e  9 10  4
 2227: 16 15 18 22  5  2  8 1e  4  9 10  6
 2228: 16 15 18 22  5  2  8 1e  6  9 10  4
 2229: 16 15 18 22  5  2 1e  8  4  9 10  6
 2230: 16 15 18 22  5  2 1e  8  6  9 10  4
 2231: 16 15 18 22  8  2  5  4  6  9 10 1e
 2232: 16 15 18 22  8  2  5  4 1e  9 10  6
 2233: 16 15 18 22  8  2  5  6  4  9 10 1e
 2234: 16 15 18 22  8  2  5  6 1e  9 10  4
 2235: 16 15 18 22  8  2  5 1e  4  9 10  6
 2236: 16 15 18 22  8  2  5 1e  6  9 10  4
 2237: 16 15 18 22  8  2  6  4  5  9 10 1e
 2238: 16 15 18 22  8  2  6 1e  5  9 10  4
 2239: 16 15 18 22  8  2 1e  4  5  9 10  6
 2240: 16 15 18 22  8  2 1e  6  5  9 10  4
 2241: 16 1e  4 10 15  2  5  8  6  9 18 22
 2242: 16 1e  4 10 15  2  6  8  5  9 18 22
 2243: 16 1e  4 10 15  2  8  6  5  9 18 22
 2244: 16 1e  4 15  5  2  8 10  6  9 18 22
 2245: 16 1e  4 15  8  2  5 10  6  9 18 22
 2246: 16 1e  4 15  8  2  6 10  5  9 18 22
 2247: 16 1e  4 15 18  2  5  8  6  9 10 22
 2248: 16 1e  4 15 18  2  6  8  5  9 10 22
 2249: 16 1e  4 15 18  2  8  6  5  9 10 22
 2250: 16 1e  4 18 15  2  5  8  6  9 10 22
 2251: 16 1e  4 18 15  2  6  8  5  9 10 22
 2252: 16 1e  4 18 15  2  8  6  5  9 10 22
 2253: 16 1e  4 22 15  2  8 10  5  9 18  6
 2254: 16 1e  8 10 15  2  5  4  6  9 18 22
 2255: 16 1e  8 10 15  2  5  6  4  9 18 22
 2256: 16 1e  8 10 15  2  6  4  5  9 18 22
 2257: 16 1e  8 15  4  2  5 10  6  9 18 22
 2258: 16 1e  8 15  4  2  6 10  5  9 18 22
 2259: 16 1e  8 15  5  2  6 10  4  9 18 22
 2260: 16 1e  8 15 18  2  5  4  6  9 10 22
 2261: 16 1e  8 15 18  2  5  6  4  9 10 22
 2262: 16 1e  8 15 18  2  6  4  5  9 10 22
 2263: 16 1e  8 18 15  2  5  4  6  9 10 22
 2264: 16 1e  8 18 15  2  5  6  4  9 10 22
 2265: 16 1e  8 18 15  2  6  4  5  9 10 22
 2266: 16 1e  8 22 15  2  5 10  4  9 18  6
 2267: 16 1e  8 22 15  2  5 10  6  9 18  4
 2268: 16 1e  8 22 15  2  6 10  5  9 18  4
 2269: 16 1e 15 10  4  2  5  8  6  9 18 22
 2270: 16 1e 15 10  4  2  6  8  5  9 18 22
 2271: 16 1e 15 10  4  2  8  6  5  9 18 22
 2272: 16 1e 15 10  5  2  6  8  4  9 18 22
 2273: 16 1e 15 10  5  2  8  4  6  9 18 22
 2274: 16 1e 15 10  5  2  8  6  4  9 18 22
 2275: 16 1e 15 10  8  2  5  4  6  9 18 22
 2276: 16 1e 15 10  8  2  5  6  4  9 18 22
 2277: 16 1e 15 10  8  2  6  4  5  9 18 22
 2278: 16 1e 15 18  4  2  5  8  6  9 10 22
 2279: 16 1e 15 18  4  2  6  8  5  9 10 22
 2280: 16 1e 15 18  4  2  8  6  5  9 10 22
 2281: 16 1e 15 18  5  2  6  8  4  9 10 22
 2282: 16 1e 15 18  5  2  8  4  6  9 10 22
 2283: 16 1e 15 18  5  2  8  6  4  9 10 22
 2284: 16 1e 15 18  8  2  5  4  6  9 10 22
 2285: 16 1e 15 18  8  2  5  6  4  9 10 22
 2286: 16 1e 15 18  8  2  6  4  5  9 10 22
 2287: 16 1e 15 22  4  2  8 10  5  9 18  6
 2288: 16 1e 15 22  5  2  8 10  4  9 18  6
 2289: 16 1e 15 22  5  2  8 10  6  9 18  4
 2290: 16 1e 15 22  8  2  5 10  4  9 18  6
 2291: 16 1e 15 22  8  2  5 10  6  9 18  4
 2292: 16 1e 15 22  8  2  6 10  5  9 18  4
 2293: 16 1e 15 22 18  2  5  8  4  9 10  6
 2294: 16 1e 15 22 18  2  5  8  6  9 10  4
 2295: 16 1e 15 22 18  2  6  8  5  9 10  4
 2296: 16 1e 15 22 18  2  8  4  5  9 10  6
 2297: 16 1e 15 22 18  2  8  6  5  9 10  4
 2298: 16 1e 18 15  4  2  5  8  6  9 10 22
 2299: 16 1e 18 15  4  2  6  8  5  9 10 22
 2300: 16 1e 18 15  4  2  8  6  5  9 10 22
 2301: 16 1e 18 15  5  2  6  8  4  9 10 22
 2302: 16 1e 18 15  5  2  8  4  6  9 10 22
 2303: 16 1e 18 15  5  2  8  6  4  9 10 22
 2304: 16 1e 18 15  8  2  5  4  6  9 10 22
 2305: 16 1e 18 15  8  2  5  6  4  9 10 22
 2306: 16 1e 18 15  8  2  6  4  5  9 10 22
 2307: 16 1e 18 22 15  2  5  8  4  9 10  6
 2308: 16 1e 18 22 15  2  5  8  6  9 10  4
 2309: 16 1e 18 22 15  2  6  8  5  9 10  4
 2310: 16 1e 18 22 15  2  8  4  5  9 10  6
 2311: 16 1e 18 22 15  2  8  6  5  9 10  4
