    0: 10  8  3  f  9  0 19 16 21 11 13 1b
    1: 10  8  3  f  9 16 11 19  0 21 13 1b
    2: 10  8  3  f  9 16 19  0 21 11 13 1b
    3: 10  8  3  f  9 16 19 13  0 11 21 1b
    4: 10  8  3  f  9 16 19 13  0 21 11 1b
    5: 10  8  3  f 19  0  9 16 21 11 13 1b
    6: 10  8  3  f 19  0 11 16 21  9 13 1b
    7: 10  8  3  f 19 16  9  0 21 11 13 1b
    8: 10  8  3  f 19 16  9 13  0 11 21 1b
    9: 10  8  3  f 19 16  9 13  0 21 11 1b
   10: 10  8  3  f 19 16 11  0 21  9 13 1b
   11: 10  8  3  f 19 16 11 13  0  9 21 1b
   12: 10  8  3  f 19 16 11 13  0 21 1b  9
   13: 10  8  3  f 19 16 11 1b  0 21 13  9
   14: 10  8  3 11  9 16 19  f  0 21 13 1b
   15: 10  8  3 11  9 16 19 13  0 21 1b  f
   16: 10  8  3 11  9 16 19 1b  0 21 13  f
   17: 10  8  3 11  f  0 19 16 21  9 13 1b
   18: 10  8  3 11  f 16  9 19  0 21 13 1b
   19: 10  8  3 11  f 16 19  0 21  9 13 1b
   20: 10  8  3 11  f 16 19 13  0  9 21 1b
   21: 10  8  3 11  f 16 19 13  0 21 1b  9
   22: 10  8  3 11  f 16 19 1b  0 21 13  9
   23: 10  8  3 11 19 16  9  f  0 21 13 1b
   24: 10  8  3 11 19 16  9 13  0 21 1b  f
   25: 10  8  3 11 19 16  9 1b  0 21 13  f
   26: 10  8  3 19  9 16 11  f  0 21 13 1b
   27: 10  8  3 19  9 16 11 13  0 21 1b  f
   28: 10  8  3 19  9 16 11 1b  0 21 13  f
   29: 10  8  3 19  f  0  9 16 21 11 13 1b
   30: 10  8  3 19  f  0 11 16 21  9 13 1b
   31: 10  8  3 19  f 16  9  0 21 11 13 1b
   32: 10  8  3 19  f 16  9 13  0 11 21 1b
   33: 10  8  3 19  f 16  9 13  0 21 11 1b
   34: 10  8  3 19  f 16 11  0 21  9 13 1b
   35: 10  8  3 19  f 16 11 13  0  9 21 1b
   36: 10  8  3 19  f 16 11 13  0 21 1b  9
   37: 10  8  3 19  f 16 11 1b  0 21 13  9
   38: 10  8  9  f  3  0 19 16 21 11 13 1b
   39: 10  8  9  f  3 16 11 19  0 21 13 1b
   40: 10  8  9  f  3 16 19  0 21 11 13 1b
   41: 10  8  9  f  3 16 19 13  0 11 21 1b
   42: 10  8  9  f  3 16 19 13  0 21 11 1b
   43: 10  8  9  f 19  0 11 16 21  3 13 1b
   44: 10  8  9  f 19 16 11  0 21  3 13 1b
   45: 10  8  9  f 19 16 11 13  0  3 21 1b
   46: 10  8  9 11  3 16 19  f  0 21 13 1b
   47: 10  8  9 11  3 16 19 13  0 21 1b  f
   48: 10  8  9 11  3 16 19 1b  0 21 13  f
   49: 10  8  9 11  f  0 19 16 21  3 13 1b
   50: 10  8  9 11  f 16 19  0 21  3 13 1b
   51: 10  8  9 11  f 16 19 13  0  3 21 1b
   52: 10  8  9 19  3 16 11  f  0 21 13 1b
   53: 10  8  9 19  3 16 11 13  0 21 1b  f
   54: 10  8  9 19  3 16 11 1b  0 21 13  f
   55: 10  8  9 19  f  0 11 16 21  3 13 1b
   56: 10  8  9 19  f 16 11  0 21  3 13 1b
   57: 10  8  9 19  f 16 11 13  0  3 21 1b
   58: 10  8  f 11  3  0 19 16 21  9 13 1b
   59: 10  8  f 11  3 16  9 19  0 21 13 1b
   60: 10  8  f 11  3 16 19  0 21  9 13 1b
   61: 10  8  f 11  3 16 19 13  0  9 21 1b
   62: 10  8  f 11  3 16 19 13  0 21 1b  9
   63: 10  8  f 11  3 16 19 1b  0 21 13  9
   64: 10  8  f 11  9  0 19 16 21  3 13 1b
   65: 10  8  f 11  9 16 19  0 21  3 13 1b
   66: 10  8  f 11  9 16 19 13  0  3 21 1b
   67: 10  8  f 11 19  0  9 16 21  3 13 1b
   68: 10  8  f 11 19 16  9  0 21  3 13 1b
   69: 10  8  f 11 19 16  9 13  0  3 21 1b
   70: 10  8  f 19  3  0  9 16 21 11 13 1b
   71: 10  8  f 19  3  0 11 16 21  9 13 1b
   72: 10  8  f 19  3 16  9  0 21 11 13 1b
   73: 10  8  f 19  3 16  9 13  0 11 21 1b
   74: 10  8  f 19  3 16  9 13  0 21 11 1b
   75: 10  8  f 19  3 16 11  0 21  9 13 1b
   76: 10  8  f 19  3 16 11 13  0  9 21 1b
   77: 10  8  f 19  3 16 11 13  0 21 1b  9
   78: 10  8  f 19  3 16 11 1b  0 21 13  9
   79: 10  8  f 19  9  0 11 16 21  3 13 1b
   80: 10  8  f 19  9 16 11  0 21  3 13 1b
   81: 10  8  f 19  9 16 11 13  0  3 21 1b
   82: 10  8 11  f  3  0 19 16 21  9 13 1b
   83: 10  8 11  f  3 16  9 19  0 21 13 1b
   84: 10  8 11  f  3 16 19  0 21  9 13 1b
   85: 10  8 11  f  3 16 19 13  0  9 21 1b
   86: 10  8 11  f  3 16 19 13  0 21 1b  9
   87: 10  8 11  f  3 16 19 1b  0 21 13  9
   88: 10  8 11  f  9  0 19 16 21  3 13 1b
   89: 10  8 11  f  9 16 19  0 21  3 13 1b
   90: 10  8 11  f  9 16 19 13  0  3 21 1b
   91: 10  8 11  f 19  0  9 16 21  3 13 1b
   92: 10  8 11  f 19 16  9  0 21  3 13 1b
   93: 10  8 11  f 19 16  9 13  0  3 21 1b
   94: 10  8 11 19  3 16  9  f  0 21 13 1b
   95: 10  8 11 19  3 16  9 13  0 21 1b  f
   96: 10  8 11 19  3 16  9 1b  0 21 13  f
   97: 10  8 11 19  f  0  9 16 21  3 13 1b
   98: 10  8 11 19  f 16  9  0 21  3 13 1b
   99: 10  8 11 19  f 16  9 13  0  3 21 1b
  100: 10  8 19  f  3  0  9 16 21 11 13 1b
  101: 10  8 19  f  3  0 11 16 21  9 13 1b
  102: 10  8 19  f  3 16  9  0 21 11 13 1b
  103: 10  8 19  f  3 16  9 13  0 11 21 1b
  104: 10  8 19  f  3 16  9 13  0 21 11 1b
  105: 10  8 19  f  3 16 11  0 21  9 13 1b
  106: 10  8 19  f  3 16 11 13  0  9 21 1b
  107: 10  8 19  f  3 16 11 13  0 21 1b  9
  108: 10  8 19  f  3 16 11 1b  0 21 13  9
  109: 10  8 19  f  9  0 11 16 21  3 13 1b
  110: 10  8 19  f  9 16 11  0 21  3 13 1b
  111: 10  8 19  f  9 16 11 13  0  3 21 1b
  112: 10  8 19 11  3 16  9  f  0 21 13 1b
  113: 10  8 19 11  3 16  9 13  0 21 1b  f
  114: 10  8 19 11  3 16  9 1b  0 21 13  f
  115: 10  8 19 11  f  0  9 16 21  3 13 1b
  116: 10  8 19 11  f 16  9  0 21  3 13 1b
  117: 10  8 19 11  f 16  9 13  0  3 21 1b
  118: 10  8 1b  f  3  0 19 16 21 11 13  9
  119: 10  8 1b  f  3 16 11 19  0 21 13  9
  120: 10  8 1b  f  3 16 19  0 21 11 13  9
  121: 10  8 1b  f  3 16 19 13  0 11 21  9
  122: 10  8 1b  f  3 16 19 13  0 21 11  9
  123: 10  8 1b  f 19  0 11 16 21  3 13  9
  124: 10  8 1b  f 19 16 11  0 21  3 13  9
  125: 10  8 1b  f 19 16 11 13  0  3 21  9
  126: 10  8 1b 11  3  0 19 16 21  9 13  f
  127: 10  8 1b 11  3 16  9 19  0 21 13  f
  128: 10  8 1b 11  3 16 19  0 21  9 13  f
  129: 10  8 1b 11  3 16 19  f  0 21 13  9
  130: 10  8 1b 11  3 16 19 13  0  9 21  f
  131: 10  8 1b 11  9  0 19 16 21  3 13  f
  132: 10  8 1b 11  9 16 19  0 21  3 13  f
  133: 10  8 1b 11  9 16 19 13  0  3 21  f
  134: 10  8 1b 11  f  0 19 16 21  3 13  9
  135: 10  8 1b 11  f 16 19  0 21  3 13  9
  136: 10  8 1b 11  f 16 19 13  0  3 21  9
  137: 10  8 1b 11 19  0  9 16 21  3 13  f
  138: 10  8 1b 11 19 16  9  0 21  3 13  f
  139: 10  8 1b 11 19 16  9 13  0  3 21  f
  140: 10  8 1b 19  3  0  9 16 21 11 13  f
  141: 10  8 1b 19  3  0 11 16 21  9 13  f
  142: 10  8 1b 19  3 16  9  0 21 11 13  f
  143: 10  8 1b 19  3 16  9 13  0 11 21  f
  144: 10  8 1b 19  3 16  9 13  0 21 11  f
  145: 10  8 1b 19  3 16 11  0 21  9 13  f
  146: 10  8 1b 19  3 16 11  f  0 21 13  9
  147: 10  8 1b 19  3 16 11 13  0  9 21  f
  148: 10  8 1b 19  9  0 11 16 21  3 13  f
  149: 10  8 1b 19  9 16 11  0 21  3 13  f
  150: 10  8 1b 19  9 16 11 13  0  3 21  f
  151: 10  8 1b 19  f  0 11 16 21  3 13  9
  152: 10  8 1b 19  f 16 11  0 21  3 13  9
  153: 10  8 1b 19  f 16 11 13  0  3 21  9
  154: 10 16  3  f  8  0  9 19 21 11 13 1b
  155: 10 16  3  f  8  0 11 19 21  9 13 1b
  156: 10 16  3  f  8  0 19 13 21  9 11 1b
  157: 10 16  3  f  8  0 19 13 21 11 1b  9
  158: 10 16  3  f  8  0 19 1b 21 11 13  9
  159: 10 16  3  f  9  0 11 19 21  8 13 1b
  160: 10 16  3  f  9  0 19  8 21 11 13 1b
  161: 10 16  3  f  9  0 19 13 21  8 11 1b
  162: 10 16  3  f 19  0  9  8 21 11 13 1b
  163: 10 16  3  f 19  0  9 13 21  8 11 1b
  164: 10 16  3  f 19  0 11  8 21  9 13 1b
  165: 10 16  3  f 19  0 11 13 21  8 1b  9
  166: 10 16  3  f 19  0 11 1b 21  8 13  9
  167: 10 16  3 11  8  0 19  f 21  9 13 1b
  168: 10 16  3 11  8  0 19 13 21  9 1b  f
  169: 10 16  3 11  8  0 19 1b 21  9 13  f
  170: 10 16  3 11  9  0 19  f 21  8 13 1b
  171: 10 16  3 11  9  0 19 13 21  8 1b  f
  172: 10 16  3 11  9  0 19 1b 21  8 13  f
  173: 10 16  3 11  f  0  9 19 21  8 13 1b
  174: 10 16  3 11  f  0 19  8 21  9 13 1b
  175: 10 16  3 11  f  0 19 13 21  8 1b  9
  176: 10 16  3 11  f  0 19 1b 21  8 13  9
  177: 10 16  3 11 19  0  9  f 21  8 13 1b
  178: 10 16  3 11 19  0  9 13 21  8 1b  f
  179: 10 16  3 11 19  0  9 1b 21  8 13  f
  180: 10 16  3 19  8  0  9  f 21 11 13 1b
  181: 10 16  3 19  8  0  9 13 21 11 1b  f
  182: 10 16  3 19  8  0  9 1b 21 11 13  f
  183: 10 16  3 19  8  0 11  f 21  9 13 1b
  184: 10 16  3 19  8  0 11 13 21  9 1b  f
  185: 10 16  3 19  8  0 11 1b 21  9 13  f
  186: 10 16  3 19  9  0 11  f 21  8 13 1b
  187: 10 16  3 19  9  0 11 13 21  8 1b  f
  188: 10 16  3 19  9  0 11 1b 21  8 13  f
  189: 10 16  3 19  f  0  9  8 21 11 13 1b
  190: 10 16  3 19  f  0  9 13 21  8 11 1b
  191: 10 16  3 19  f  0 11  8 21  9 13 1b
  192: 10 16  3 19  f  0 11 13 21  8 1b  9
  193: 10 16  3 19  f  0 11 1b 21  8 13  9
  194: 10 16  9  f  3  0 11 19 21  8 13 1b
  195: 10 16  9  f  3  0 19  8 21 11 13 1b
  196: 10 16  9  f  3  0 19 13 21  8 11 1b
  197: 10 16  9  f  8  0 11 19 21  3 13 1b
  198: 10 16  9  f  8  0 19 13 21  3 11 1b
  199: 10 16  9  f 19  0 11  8 21  3 13 1b
  200: 10 16  9 11  3  0 19  f 21  8 13 1b
  201: 10 16  9 11  3  0 19 13 21  8 1b  f
  202: 10 16  9 11  3  0 19 1b 21  8 13  f
  203: 10 16  9 11  8  0 19  f 21  3 13 1b
  204: 10 16  9 11  8  0 19 13 21  3 1b  f
  205: 10 16  9 11  8  0 19 1b 21  3 13  f
  206: 10 16  9 11  f  0 19  8 21  3 13 1b
  207: 10 16  9 19  3  0 11  f 21  8 13 1b
  208: 10 16  9 19  3  0 11 13 21  8 1b  f
  209: 10 16  9 19  3  0 11 1b 21  8 13  f
  210: 10 16  9 19  8  0 11  f 21  3 13 1b
  211: 10 16  9 19  8  0 11 13 21  3 1b  f
  212: 10 16  9 19  8  0 11 1b 21  3 13  f
  213: 10 16  9 19  f  0 11  8 21  3 13 1b
  214: 10 16  f 11  3  0  9 19 21  8 13 1b
  215: 10 16  f 11  3  0 19  8 21  9 13 1b
  216: 10 16  f 11  3  0 19 13 21  8 1b  9
  217: 10 16  f 11  3  0 19 1b 21  8 13  9
  218: 10 16  f 11  8  0  9 19 21  3 13 1b
  219: 10 16  f 11  8  0 19 13 21  3 1b  9
  220: 10 16  f 11  8  0 19 1b 21  3 13  9
  221: 10 16  f 11  9  0 19  8 21  3 13 1b
  222: 10 16  f 11 19  0  9  8 21  3 13 1b
  223: 10 16  f 19  3  0  9  8 21 11 13 1b
  224: 10 16  f 19  3  0  9 13 21  8 11 1b
  225: 10 16  f 19  3  0 11  8 21  9 13 1b
  226: 10 16  f 19  3  0 11 13 21  8 1b  9
  227: 10 16  f 19  3  0 11 1b 21  8 13  9
  228: 10 16  f 19  8  0  9 13 21  3 11 1b
  229: 10 16  f 19  8  0 11 13 21  3 1b  9
  230: 10 16  f 19  8  0 11 1b 21  3 13  9
  231: 10 16  f 19  9  0 11  8 21  3 13 1b
  232: 10 16 11  f  3  0  9 19 21  8 13 1b
  233: 10 16 11  f  3  0 19  8 21  9 13 1b
  234: 10 16 11  f  3  0 19 13 21  8 1b  9
  235: 10 16 11  f  3  0 19 1b 21  8 13  9
  236: 10 16 11  f  8  0  9 19 21  3 13 1b
  237: 10 16 11  f  8  0 19 13 21  3 1b  9
  238: 10 16 11  f  8  0 19 1b 21  3 13  9
  239: 10 16 11  f  9  0 19  8 21  3 13 1b
  240: 10 16 11  f 19  0  9  8 21  3 13 1b
  241: 10 16 11 19  3  0  9  f 21  8 13 1b
  242: 10 16 11 19  3  0  9 13 21  8 1b  f
  243: 10 16 11 19  3  0  9 1b 21  8 13  f
  244: 10 16 11 19  8  0  9  f 21  3 13 1b
  245: 10 16 11 19  8  0  9 13 21  3 1b  f
  246: 10 16 11 19  8  0  9 1b 21  3 13  f
  247: 10 16 11 19  f  0  9  8 21  3 13 1b
  248: 10 16 19  f  3  0  9  8 21 11 13 1b
  249: 10 16 19  f  3  0  9 13 21  8 11 1b
  250: 10 16 19  f  3  0 11  8 21  9 13 1b
  251: 10 16 19  f  3  0 11 13 21  8 1b  9
  252: 10 16 19  f  3  0 11 1b 21  8 13  9
  253: 10 16 19  f  8  0  9 13 21  3 11 1b
  254: 10 16 19  f  8  0 11 13 21  3 1b  9
  255: 10 16 19  f  8  0 11 1b 21  3 13  9
  256: 10 16 19  f  9  0 11  8 21  3 13 1b
  257: 10 16 19 11  3  0  9  f 21  8 13 1b
  258: 10 16 19 11  3  0  9 13 21  8 1b  f
  259: 10 16 19 11  3  0  9 1b 21  8 13  f
  260: 10 16 19 11  8  0  9  f 21  3 13 1b
  261: 10 16 19 11  8  0  9 13 21  3 1b  f
  262: 10 16 19 11  8  0  9 1b 21  3 13  f
  263: 10 16 19 11  f  0  9  8 21  3 13 1b
  264: 10 16 1b  f  3  0 11 19 21  8 13  9
  265: 10 16 1b  f  3  0 19  8 21 11 13  9
  266: 10 16 1b  f  3  0 19 13 21  8 11  9
  267: 10 16 1b  f  8  0 11 19 21  3 13  9
  268: 10 16 1b  f  8  0 19 13 21  3 11  9
  269: 10 16 1b  f 19  0 11  8 21  3 13  9
  270: 10 16 1b 11  3  0  9 19 21  8 13  f
  271: 10 16 1b 11  3  0 19  8 21  9 13  f
  272: 10 16 1b 11  3  0 19  f 21  8 13  9
  273: 10 16 1b 11  8  0  9 19 21  3 13  f
  274: 10 16 1b 11  8  0 19  f 21  3 13  9
  275: 10 16 1b 11  9  0 19  8 21  3 13  f
  276: 10 16 1b 11  f  0 19  8 21  3 13  9
  277: 10 16 1b 11 19  0  9  8 21  3 13  f
  278: 10 16 1b 19  3  0  9  8 21 11 13  f
  279: 10 16 1b 19  3  0  9 13 21  8 11  f
  280: 10 16 1b 19  3  0 11  8 21  9 13  f
  281: 10 16 1b 19  3  0 11  f 21  8 13  9
  282: 10 16 1b 19  8  0  9 13 21  3 11  f
  283: 10 16 1b 19  8  0 11  f 21  3 13  9
  284: 10 16 1b 19  9  0 11  8 21  3 13  f
  285: 10 16 1b 19  f  0 11  8 21  3 13  9
  286: 11  8  3  f  9 10 19 16  0 21 13 1b
  287: 11  8  3  f  9 16 10 19  0 21 13 1b
  288: 11  8  3  f 19  0 10 16 21  9 13 1b
  289: 11  8  3  f 19 10  9 16  0 21 13 1b
  290: 11  8  3  f 19 16 10  0 21  9 13 1b
  291: 11  8  3  f 19 16 10 13  0  9 21 1b
  292: 11  8  3  f 19 16 10 13  0 21 1b  9
  293: 11  8  3  f 19 16 10 1b  0 21 13  9
  294: 11  8  3 10  9 16 19  f  0 21 13 1b
  295: 11  8  3 10  9 16 19 13  0 21 1b  f
  296: 11  8  3 10  9 16 19 1b  0 21 13  f
  297: 11  8  3 10  f  0 19 16 21  9 13 1b
  298: 11  8  3 10  f 16  9 19  0 21 13 1b
  299: 11  8  3 10  f 16 19  0 21  9 13 1b
  300: 11  8  3 10  f 16 19 13  0  9 21 1b
  301: 11  8  3 10  f 16 19 13  0 21 1b  9
  302: 11  8  3 10  f 16 19 1b  0 21 13  9
  303: 11  8  3 10 19 16  9  f  0 21 13 1b
  304: 11  8  3 10 19 16  9 13  0 21 1b  f
  305: 11  8  3 10 19 16  9 1b  0 21 13  f
  306: 11  8  3 19  9 16 10  f  0 21 13 1b
  307: 11  8  3 19  9 16 10 13  0 21 1b  f
  308: 11  8  3 19  9 16 10 1b  0 21 13  f
  309: 11  8  3 19  f  0 10 16 21  9 13 1b
  310: 11  8  3 19  f 10  9 16  0 21 13 1b
  311: 11  8  3 19  f 16 10  0 21  9 13 1b
  312: 11  8  3 19  f 16 10 13  0  9 21 1b
  313: 11  8  3 19  f 16 10 13  0 21 1b  9
  314: 11  8  3 19  f 16 10 1b  0 21 13  9
  315: 11  8  9  f  3 10 19 16  0 21 13 1b
  316: 11  8  9  f  3 16 10 19  0 21 13 1b
  317: 11  8  9  f 19  0 10 16 21  3 13 1b
  318: 11  8  9  f 19 16 10  0 21  3 13 1b
  319: 11  8  9  f 19 16 10 13  0  3 21 1b
  320: 11  8  9 10  3 16 19  f  0 21 13 1b
  321: 11  8  9 10  3 16 19 13  0 21 1b  f
  322: 11  8  9 10  3 16 19 1b  0 21 13  f
  323: 11  8  9 10  f  0 19 16 21  3 13 1b
  324: 11  8  9 10  f 16 19  0 21  3 13 1b
  325: 11  8  9 10  f 16 19 13  0  3 21 1b
  326: 11  8  9 19  3 16 10  f  0 21 13 1b
  327: 11  8  9 19  3 16 10 13  0 21 1b  f
  328: 11  8  9 19  3 16 10 1b  0 21 13  f
  329: 11  8  9 19  f  0 10 16 21  3 13 1b
  330: 11  8  9 19  f 16 10  0 21  3 13 1b
  331: 11  8  9 19  f 16 10 13  0  3 21 1b
  332: 11  8  f 10  3  0 19 16 21  9 13 1b
  333: 11  8  f 10  3 16  9 19  0 21 13 1b
  334: 11  8  f 10  3 16 19  0 21  9 13 1b
  335: 11  8  f 10  3 16 19 13  0  9 21 1b
  336: 11  8  f 10  3 16 19 13  0 21 1b  9
  337: 11  8  f 10  3 16 19 1b  0 21 13  9
  338: 11  8  f 10  9  0 19 16 21  3 13 1b
  339: 11  8  f 10  9 16 19  0 21  3 13 1b
  340: 11  8  f 10  9 16 19 13  0  3 21 1b
  341: 11  8  f 10 19  0  9 16 21  3 13 1b
  342: 11  8  f 10 19 16  9  0 21  3 13 1b
  343: 11  8  f 10 19 16  9 13  0  3 21 1b
  344: 11  8  f 19  3  0 10 16 21  9 13 1b
  345: 11  8  f 19  3 10  9 16  0 21 13 1b
  346: 11  8  f 19  3 16 10  0 21  9 13 1b
  347: 11  8  f 19  3 16 10 13  0  9 21 1b
  348: 11  8  f 19  3 16 10 13  0 21 1b  9
  349: 11  8  f 19  3 16 10 1b  0 21 13  9
  350: 11  8  f 19  9  0 10 16 21  3 13 1b
  351: 11  8  f 19  9 16 10  0 21  3 13 1b
  352: 11  8  f 19  9 16 10 13  0  3 21 1b
  353: 11  8 10  f  3  0 19 16 21  9 13 1b
  354: 11  8 10  f  3 16  9 19  0 21 13 1b
  355: 11  8 10  f  3 16 19  0 21  9 13 1b
  356: 11  8 10  f  3 16 19 13  0  9 21 1b
  357: 11  8 10  f  3 16 19 13  0 21 1b  9
  358: 11  8 10  f  3 16 19 1b  0 21 13  9
  359: 11  8 10  f  9  0 19 16 21  3 13 1b
  360: 11  8 10  f  9 16 19  0 21  3 13 1b
  361: 11  8 10  f  9 16 19 13  0  3 21 1b
  362: 11  8 10  f 19  0  9 16 21  3 13 1b
  363: 11  8 10  f 19 16  9  0 21  3 13 1b
  364: 11  8 10  f 19 16  9 13  0  3 21 1b
  365: 11  8 10 19  3 16  9  f  0 21 13 1b
  366: 11  8 10 19  3 16  9 13  0 21 1b  f
  367: 11  8 10 19  3 16  9 1b  0 21 13  f
  368: 11  8 10 19  f  0  9 16 21  3 13 1b
  369: 11  8 10 19  f 16  9  0 21  3 13 1b
  370: 11  8 10 19  f 16  9 13  0  3 21 1b
  371: 11  8 19  f  3  0 10 16 21  9 13 1b
  372: 11  8 19  f  3 10  9 16  0 21 13 1b
  373: 11  8 19  f  3 16 10  0 21  9 13 1b
  374: 11  8 19  f  3 16 10 13  0  9 21 1b
  375: 11  8 19  f  3 16 10 13  0 21 1b  9
  376: 11  8 19  f  3 16 10 1b  0 21 13  9
  377: 11  8 19  f  9  0 10 16 21  3 13 1b
  378: 11  8 19  f  9 16 10  0 21  3 13 1b
  379: 11  8 19  f  9 16 10 13  0  3 21 1b
  380: 11  8 19 10  3 16  9  f  0 21 13 1b
  381: 11  8 19 10  3 16  9 13  0 21 1b  f
  382: 11  8 19 10  3 16  9 1b  0 21 13  f
  383: 11  8 19 10  f  0  9 16 21  3 13 1b
  384: 11  8 19 10  f 16  9  0 21  3 13 1b
  385: 11  8 19 10  f 16  9 13  0  3 21 1b
  386: 11  8 1b  f  3 10 19 16  0 21 13  9
  387: 11  8 1b  f  3 16 10 19  0 21 13  9
  388: 11  8 1b  f 19  0 10 16 21  3 13  9
  389: 11  8 1b  f 19 16 10  0 21  3 13  9
  390: 11  8 1b  f 19 16 10 13  0  3 21  9
  391: 11  8 1b 10  3  0 19 16 21  9 13  f
  392: 11  8 1b 10  3 16  9 19  0 21 13  f
  393: 11  8 1b 10  3 16 19  0 21  9 13  f
  394: 11  8 1b 10  3 16 19  f  0 21 13  9
  395: 11  8 1b 10  3 16 19 13  0  9 21  f
  396: 11  8 1b 10  9  0 19 16 21  3 13  f
  397: 11  8 1b 10  9 16 19  0 21  3 13  f
  398: 11  8 1b 10  9 16 19 13  0  3 21  f
  399: 11  8 1b 10  f  0 19 16 21  3 13  9
  400: 11  8 1b 10  f 16 19  0 21  3 13  9
  401: 11  8 1b 10  f 16 19 13  0  3 21  9
  402: 11  8 1b 10 19  0  9 16 21  3 13  f
  403: 11  8 1b 10 19 16  9  0 21  3 13  f
  404: 11  8 1b 10 19 16  9 13  0  3 21  f
  405: 11  8 1b 19  3  0 10 16 21  9 13  f
  406: 11  8 1b 19  3 10  9 16  0 21 13  f
  407: 11  8 1b 19  3 16 10  0 21  9 13  f
  408: 11  8 1b 19  3 16 10  f  0 21 13  9
  409: 11  8 1b 19  3 16 10 13  0  9 21  f
  410: 11  8 1b 19  9  0 10 16 21  3 13  f
  411: 11  8 1b 19  9 16 10  0 21  3 13  f
  412: 11  8 1b 19  9 16 10 13  0  3 21  f
  413: 11  8 1b 19  f  0 10 16 21  3 13  9
  414: 11  8 1b 19  f 16 10  0 21  3 13  9
  415: 11  8 1b 19  f 16 10 13  0  3 21  9
  416: 11 16  3  f  8  0 10 19 21  9 13 1b
  417: 11 16  3  f  8 10  9 19  0 21 13 1b
  418: 11 16  3  f  8 10 19  0 21  9 13 1b
  419: 11 16  3  f  8 10 19 13  0  9 21 1b
  420: 11 16  3  f  8 10 19 13  0 21 1b  9
  421: 11 16  3  f  8 10 19 1b  0 21 13  9
  422: 11 16  3  f  9  0 10 19 21  8 13 1b
  423: 11 16  3  f  9 10 19  0 21  8 13 1b
  424: 11 16  3  f  9 10 19  8  0 21 13 1b
  425: 11 16  3  f  9 10 19 13  0  8 21 1b
  426: 11 16  3  f 19  0 10  8 21  9 13 1b
  427: 11 16  3  f 19  0 10 13 21  8 1b  9
  428: 11 16  3  f 19  0 10 1b 21  8 13  9
  429: 11 16  3  f 19 10  9  0 21  8 13 1b
  430: 11 16  3  f 19 10  9  8  0 21 13 1b
  431: 11 16  3  f 19 10  9 13  0  8 21 1b
  432: 11 16  3 10  8  0 19  f 21  9 13 1b
  433: 11 16  3 10  8  0 19 13 21  9 1b  f
  434: 11 16  3 10  8  0 19 1b 21  9 13  f
  435: 11 16  3 10  9  0 19  f 21  8 13 1b
  436: 11 16  3 10  9  0 19 13 21  8 1b  f
  437: 11 16  3 10  9  0 19 1b 21  8 13  f
  438: 11 16  3 10  f  0  9 19 21  8 13 1b
  439: 11 16  3 10  f  0 19  8 21  9 13 1b
  440: 11 16  3 10  f  0 19 13 21  8 1b  9
  441: 11 16  3 10  f  0 19 1b 21  8 13  9
  442: 11 16  3 10 19  0  9  f 21  8 13 1b
  443: 11 16  3 10 19  0  9 13 21  8 1b  f
  444: 11 16  3 10 19  0  9 1b 21  8 13  f
  445: 11 16  3 19  8  0 10  f 21  9 13 1b
  446: 11 16  3 19  8  0 10 13 21  9 1b  f
  447: 11 16  3 19  8  0 10 1b 21  9 13  f
  448: 11 16  3 19  8 10  9  f  0 21 13 1b
  449: 11 16  3 19  8 10  9 13  0 21 1b  f
  450: 11 16  3 19  8 10  9 1b  0 21 13  f
  451: 11 16  3 19  9  0 10  f 21  8 13 1b
  452: 11 16  3 19  9  0 10 13 21  8 1b  f
  453: 11 16  3 19  9  0 10 1b 21  8 13  f
  454: 11 16  3 19  f  0 10  8 21  9 13 1b
  455: 11 16  3 19  f  0 10 13 21  8 1b  9
  456: 11 16  3 19  f  0 10 1b 21  8 13  9
  457: 11 16  3 19  f 10  9  0 21  8 13 1b
  458: 11 16  3 19  f 10  9  8  0 21 13 1b
  459: 11 16  3 19  f 10  9 13  0  8 21 1b
  460: 11 16  9  f  3  0 10 19 21  8 13 1b
  461: 11 16  9  f  3 10 19  0 21  8 13 1b
  462: 11 16  9  f  3 10 19  8  0 21 13 1b
  463: 11 16  9  f  3 10 19 13  0  8 21 1b
  464: 11 16  9  f  8  0 10 19 21  3 13 1b
  465: 11 16  9  f  8 10 19  0 21  3 13 1b
  466: 11 16  9  f  8 10 19 13  0  3 21 1b
  467: 11 16  9  f 19  0 10  8 21  3 13 1b
  468: 11 16  9 10  3  0 19  f 21  8 13 1b
  469: 11 16  9 10  3  0 19 13 21  8 1b  f
  470: 11 16  9 10  3  0 19 1b 21  8 13  f
  471: 11 16  9 10  8  0 19  f 21  3 13 1b
  472: 11 16  9 10  8  0 19 13 21  3 1b  f
  473: 11 16  9 10  8  0 19 1b 21  3 13  f
  474: 11 16  9 10  f  0 19  8 21  3 13 1b
  475: 11 16  9 19  3  0 10  f 21  8 13 1b
  476: 11 16  9 19  3  0 10 13 21  8 1b  f
  477: 11 16  9 19  3  0 10 1b 21  8 13  f
  478: 11 16  9 19  8  0 10  f 21  3 13 1b
  479: 11 16  9 19  8  0 10 13 21  3 1b  f
  480: 11 16  9 19  8  0 10 1b 21  3 13  f
  481: 11 16  9 19  f  0 10  8 21  3 13 1b
  482: 11 16  f 10  3  0  9 19 21  8 13 1b
  483: 11 16  f 10  3  0 19  8 21  9 13 1b
  484: 11 16  f 10  3  0 19 13 21  8 1b  9
  485: 11 16  f 10  3  0 19 1b 21  8 13  9
  486: 11 16  f 10  8  0  9 19 21  3 13 1b
  487: 11 16  f 10  8  0 19 13 21  3 1b  9
  488: 11 16  f 10  8  0 19 1b 21  3 13  9
  489: 11 16  f 10  9  0 19  8 21  3 13 1b
  490: 11 16  f 10 19  0  9  8 21  3 13 1b
  491: 11 16  f 19  3  0 10  8 21  9 13 1b
  492: 11 16  f 19  3  0 10 13 21  8 1b  9
  493: 11 16  f 19  3  0 10 1b 21  8 13  9
  494: 11 16  f 19  3 10  9  0 21  8 13 1b
  495: 11 16  f 19  3 10  9  8  0 21 13 1b
  496: 11 16  f 19  3 10  9 13  0  8 21 1b
  497: 11 16  f 19  8  0 10 13 21  3 1b  9
  498: 11 16  f 19  8  0 10 1b 21  3 13  9
  499: 11 16  f 19  8 10  9  0 21  3 13 1b
  500: 11 16  f 19  8 10  9 13  0  3 21 1b
  501: 11 16  f 19  9  0 10  8 21  3 13 1b
  502: 11 16 10  f  3  0  9 19 21  8 13 1b
  503: 11 16 10  f  3  0 19  8 21  9 13 1b
  504: 11 16 10  f  3  0 19 13 21  8 1b  9
  505: 11 16 10  f  3  0 19 1b 21  8 13  9
  506: 11 16 10  f  8  0  9 19 21  3 13 1b
  507: 11 16 10  f  8  0 19 13 21  3 1b  9
  508: 11 16 10  f  8  0 19 1b 21  3 13  9
  509: 11 16 10  f  9  0 19  8 21  3 13 1b
  510: 11 16 10  f 19  0  9  8 21  3 13 1b
  511: 11 16 10 19  3  0  9  f 21  8 13 1b
  512: 11 16 10 19  3  0  9 13 21  8 1b  f
  513: 11 16 10 19  3  0  9 1b 21  8 13  f
  514: 11 16 10 19  8  0  9  f 21  3 13 1b
  515: 11 16 10 19  8  0  9 13 21  3 1b  f
  516: 11 16 10 19  8  0  9 1b 21  3 13  f
  517: 11 16 10 19  f  0  9  8 21  3 13 1b
  518: 11 16 19  f  3  0 10  8 21  9 13 1b
  519: 11 16 19  f  3  0 10 13 21  8 1b  9
  520: 11 16 19  f  3  0 10 1b 21  8 13  9
  521: 11 16 19  f  3 10  9  0 21  8 13 1b
  522: 11 16 19  f  3 10  9  8  0 21 13 1b
  523: 11 16 19  f  3 10  9 13  0  8 21 1b
  524: 11 16 19  f  8  0 10 13 21  3 1b  9
  525: 11 16 19  f  8  0 10 1b 21  3 13  9
  526: 11 16 19  f  8 10  9  0 21  3 13 1b
  527: 11 16 19  f  8 10  9 13  0  3 21 1b
  528: 11 16 19  f  9  0 10  8 21  3 13 1b
  529: 11 16 19 10  3  0  9  f 21  8 13 1b
  530: 11 16 19 10  3  0  9 13 21  8 1b  f
  531: 11 16 19 10  3  0  9 1b 21  8 13  f
  532: 11 16 19 10  8  0  9  f 21  3 13 1b
  533: 11 16 19 10  8  0  9 13 21  3 1b  f
  534: 11 16 19 10  8  0  9 1b 21  3 13  f
  535: 11 16 19 10  f  0  9  8 21  3 13 1b
  536: 11 16 1b  f  3  0 10 19 21  8 13  9
  537: 11 16 1b  f  3 10 19  0 21  8 13  9
  538: 11 16 1b  f  3 10 19  8  0 21 13  9
  539: 11 16 1b  f  3 10 19 13  0  8 21  9
  540: 11 16 1b  f  8  0 10 19 21  3 13  9
  541: 11 16 1b  f  8 10 19  0 21  3 13  9
  542: 11 16 1b  f  8 10 19 13  0  3 21  9
  543: 11 16 1b  f 19  0 10  8 21  3 13  9
  544: 11 16 1b 10  3  0  9 19 21  8 13  f
  545: 11 16 1b 10  3  0 19  8 21  9 13  f
  546: 11 16 1b 10  3  0 19  f 21  8 13  9
  547: 11 16 1b 10  8  0  9 19 21  3 13  f
  548: 11 16 1b 10  8  0 19  f 21  3 13  9
  549: 11 16 1b 10  9  0 19  8 21  3 13  f
  550: 11 16 1b 10  f  0 19  8 21  3 13  9
  551: 11 16 1b 10 19  0  9  8 21  3 13  f
  552: 11 16 1b 19  3  0 10  8 21  9 13  f
  553: 11 16 1b 19  3  0 10  f 21  8 13  9
  554: 11 16 1b 19  3 10  9  0 21  8 13  f
  555: 11 16 1b 19  3 10  9  8  0 21 13  f
  556: 11 16 1b 19  3 10  9 13  0  8 21  f
  557: 11 16 1b 19  8  0 10  f 21  3 13  9
  558: 11 16 1b 19  8 10  9  0 21  3 13  f
  559: 11 16 1b 19  8 10  9 13  0  3 21  f
  560: 11 16 1b 19  9  0 10  8 21  3 13  f
  561: 11 16 1b 19  f  0 10  8 21  3 13  9
  562: 13  8  3  f  9 10 19 16  0 11 21 1b
  563: 13  8  3  f  9 10 19 16  0 21 11 1b
  564: 13  8  3  f  9 16 10 19  0 11 21 1b
  565: 13  8  3  f  9 16 10 19  0 21 11 1b
  566: 13  8  3  f 19  0 10 16 21  9 11 1b
  567: 13  8  3  f 19  0 10 16 21 11 1b  9
  568: 13  8  3  f 19 10  9 16  0 11 21 1b
  569: 13  8  3  f 19 10  9 16  0 21 11 1b
  570: 13  8  3  f 19 10 11 16  0  9 21 1b
  571: 13  8  3  f 19 10 11 16  0 21 1b  9
  572: 13  8  3  f 19 16 10  0 21  9 11 1b
  573: 13  8  3  f 19 16 10  0 21 11 1b  9
  574: 13  8  3  f 19 16 10 1b  0 11 21  9
  575: 13  8  3  f 19 16 10 1b  0 21 11  9
  576: 13  8  3 10  9  0 19 16 21 11 1b  f
  577: 13  8  3 10  9 16 11 19  0 21 1b  f
  578: 13  8  3 10  9 16 19  0 21 11 1b  f
  579: 13  8  3 10  9 16 19  f  0 11 21 1b
  580: 13  8  3 10  9 16 19  f  0 21 11 1b
  581: 13  8  3 10  9 16 19 1b  0 11 21  f
  582: 13  8  3 10  9 16 19 1b  0 21 11  f
  583: 13  8  3 10  f  0 19 16 21  9 11 1b
  584: 13  8  3 10  f  0 19 16 21 11 1b  9
  585: 13  8  3 10  f 16  9 19  0 11 21 1b
  586: 13  8  3 10  f 16  9 19  0 21 11 1b
  587: 13  8  3 10  f 16 11 19  0  9 21 1b
  588: 13  8  3 10  f 16 11 19  0 21 1b  9
  589: 13  8  3 10  f 16 19  0 21  9 11 1b
  590: 13  8  3 10  f 16 19  0 21 11 1b  9
  591: 13  8  3 10  f 16 19 1b  0 11 21  9
  592: 13  8  3 10  f 16 19 1b  0 21 11  9
  593: 13  8  3 10 19  0  9 16 21 11 1b  f
  594: 13  8  3 10 19  0 11 16 21  9 1b  f
  595: 13  8  3 10 19 16  9  0 21 11 1b  f
  596: 13  8  3 10 19 16  9  f  0 11 21 1b
  597: 13  8  3 10 19 16  9  f  0 21 11 1b
  598: 13  8  3 10 19 16  9 1b  0 11 21  f
  599: 13  8  3 10 19 16  9 1b  0 21 11  f
  600: 13  8  3 10 19 16 11  0 21  9 1b  f
  601: 13  8  3 10 19 16 11  f  0  9 21 1b
  602: 13  8  3 10 19 16 11  f  0 21 1b  9
  603: 13  8  3 10 19 16 11 1b  0  9 21  f
  604: 13  8  3 11  9 10 19 16  0 21 1b  f
  605: 13  8  3 11  9 16 10 19  0 21 1b  f
  606: 13  8  3 11  f 10 19 16  0  9 21 1b
  607: 13  8  3 11  f 10 19 16  0 21 1b  9
  608: 13  8  3 11  f 16 10 19  0  9 21 1b
  609: 13  8  3 11  f 16 10 19  0 21 1b  9
  610: 13  8  3 11 19  0 10 16 21  9 1b  f
  611: 13  8  3 11 19 10  9 16  0 21 1b  f
  612: 13  8  3 11 19 16 10  0 21  9 1b  f
  613: 13  8  3 11 19 16 10  f  0  9 21 1b
  614: 13  8  3 11 19 16 10  f  0 21 1b  9
  615: 13  8  3 11 19 16 10 1b  0  9 21  f
  616: 13  8  3 19  9  0 10 16 21 11 1b  f
  617: 13  8  3 19  9 10 11 16  0 21 1b  f
  618: 13  8  3 19  9 16 10  0 21 11 1b  f
  619: 13  8  3 19  9 16 10  f  0 11 21 1b
  620: 13  8  3 19  9 16 10  f  0 21 11 1b
  621: 13  8  3 19  9 16 10 1b  0 11 21  f
  622: 13  8  3 19  9 16 10 1b  0 21 11  f
  623: 13  8  3 19  f  0 10 16 21  9 11 1b
  624: 13  8  3 19  f  0 10 16 21 11 1b  9
  625: 13  8  3 19  f 10  9 16  0 11 21 1b
  626: 13  8  3 19  f 10  9 16  0 21 11 1b
  627: 13  8  3 19  f 10 11 16  0  9 21 1b
  628: 13  8  3 19  f 10 11 16  0 21 1b  9
  629: 13  8  3 19  f 16 10  0 21  9 11 1b
  630: 13  8  3 19  f 16 10  0 21 11 1b  9
  631: 13  8  3 19  f 16 10 1b  0 11 21  9
  632: 13  8  3 19  f 16 10 1b  0 21 11  9
  633: 13  8  9  f  3 10 19 16  0 11 21 1b
  634: 13  8  9  f  3 10 19 16  0 21 11 1b
  635: 13  8  9  f  3 16 10 19  0 11 21 1b
  636: 13  8  9  f  3 16 10 19  0 21 11 1b
  637: 13  8  9  f 19  0 10 16 21  3 11 1b
  638: 13  8  9  f 19 10 11 16  0  3 21 1b
  639: 13  8  9  f 19 16 10  0 21  3 11 1b
  640: 13  8  9 10  3  0 19 16 21 11 1b  f
  641: 13  8  9 10  3 16 11 19  0 21 1b  f
  642: 13  8  9 10  3 16 19  0 21 11 1b  f
  643: 13  8  9 10  3 16 19  f  0 11 21 1b
  644: 13  8  9 10  3 16 19  f  0 21 11 1b
  645: 13  8  9 10  3 16 19 1b  0 11 21  f
  646: 13  8  9 10  3 16 19 1b  0 21 11  f
  647: 13  8  9 10  f  0 19 16 21  3 11 1b
  648: 13  8  9 10  f 16 11 19  0  3 21 1b
  649: 13  8  9 10  f 16 19  0 21  3 11 1b
  650: 13  8  9 10 19  0 11 16 21  3 1b  f
  651: 13  8  9 10 19 16 11  0 21  3 1b  f
  652: 13  8  9 10 19 16 11  f  0  3 21 1b
  653: 13  8  9 10 19 16 11 1b  0  3 21  f
  654: 13  8  9 11  3 10 19 16  0 21 1b  f
  655: 13  8  9 11  3 16 10 19  0 21 1b  f
  656: 13  8  9 11  f 10 19 16  0  3 21 1b
  657: 13  8  9 11  f 16 10 19  0  3 21 1b
  658: 13  8  9 11 19  0 10 16 21  3 1b  f
  659: 13  8  9 11 19 16 10  0 21  3 1b  f
  660: 13  8  9 11 19 16 10  f  0  3 21 1b
  661: 13  8  9 11 19 16 10 1b  0  3 21  f
  662: 13  8  9 19  3  0 10 16 21 11 1b  f
  663: 13  8  9 19  3 10 11 16  0 21 1b  f
  664: 13  8  9 19  3 16 10  0 21 11 1b  f
  665: 13  8  9 19  3 16 10  f  0 11 21 1b
  666: 13  8  9 19  3 16 10  f  0 21 11 1b
  667: 13  8  9 19  3 16 10 1b  0 11 21  f
  668: 13  8  9 19  3 16 10 1b  0 21 11  f
  669: 13  8  9 19  f  0 10 16 21  3 11 1b
  670: 13  8  9 19  f 10 11 16  0  3 21 1b
  671: 13  8  9 19  f 16 10  0 21  3 11 1b
  672: 13  8  f 10  3  0 19 16 21  9 11 1b
  673: 13  8  f 10  3  0 19 16 21 11 1b  9
  674: 13  8  f 10  3 16  9 19  0 11 21 1b
  675: 13  8  f 10  3 16  9 19  0 21 11 1b
  676: 13  8  f 10  3 16 11 19  0  9 21 1b
  677: 13  8  f 10  3 16 11 19  0 21 1b  9
  678: 13  8  f 10  3 16 19  0 21  9 11 1b
  679: 13  8  f 10  3 16 19  0 21 11 1b  9
  680: 13  8  f 10  3 16 19 1b  0 11 21  9
  681: 13  8  f 10  3 16 19 1b  0 21 11  9
  682: 13  8  f 10  9  0 19 16 21  3 11 1b
  683: 13  8  f 10  9 16 11 19  0  3 21 1b
  684: 13  8  f 10  9 16 19  0 21  3 11 1b
  685: 13  8  f 10 19  0  9 16 21  3 11 1b
  686: 13  8  f 10 19  0 11 16 21  3 1b  9
  687: 13  8  f 10 19 16  9  0 21  3 11 1b
  688: 13  8  f 10 19 16 11  0 21  3 1b  9
  689: 13  8  f 10 19 16 11 1b  0  3 21  9
  690: 13  8  f 11  3 10 19 16  0  9 21 1b
  691: 13  8  f 11  3 10 19 16  0 21 1b  9
  692: 13  8  f 11  3 16 10 19  0  9 21 1b
  693: 13  8  f 11  3 16 10 19  0 21 1b  9
  694: 13  8  f 11  9 10 19 16  0  3 21 1b
  695: 13  8  f 11  9 16 10 19  0  3 21 1b
  696: 13  8  f 11 19  0 10 16 21  3 1b  9
  697: 13  8  f 11 19 10  9 16  0  3 21 1b
  698: 13  8  f 11 19 16 10  0 21  3 1b  9
  699: 13  8  f 11 19 16 10 1b  0  3 21  9
  700: 13  8  f 19  3  0 10 16 21  9 11 1b
  701: 13  8  f 19  3  0 10 16 21 11 1b  9
  702: 13  8  f 19  3 10  9 16  0 11 21 1b
  703: 13  8  f 19  3 10  9 16  0 21 11 1b
  704: 13  8  f 19  3 10 11 16  0  9 21 1b
  705: 13  8  f 19  3 10 11 16  0 21 1b  9
  706: 13  8  f 19  3 16 10  0 21  9 11 1b
  707: 13  8  f 19  3 16 10  0 21 11 1b  9
  708: 13  8  f 19  3 16 10 1b  0 11 21  9
  709: 13  8  f 19  3 16 10 1b  0 21 11  9
  710: 13  8  f 19  9  0 10 16 21  3 11 1b
  711: 13  8  f 19  9 10 11 16  0  3 21 1b
  712: 13  8  f 19  9 16 10  0 21  3 11 1b
  713: 13  8 10  f  3  0 19 16 21  9 11 1b
  714: 13  8 10  f  3  0 19 16 21 11 1b  9
  715: 13  8 10  f  3 16  9 19  0 11 21 1b
  716: 13  8 10  f  3 16  9 19  0 21 11 1b
  717: 13  8 10  f  3 16 11 19  0  9 21 1b
  718: 13  8 10  f  3 16 11 19  0 21 1b  9
  719: 13  8 10  f  3 16 19  0 21  9 11 1b
  720: 13  8 10  f  3 16 19  0 21 11 1b  9
  721: 13  8 10  f  3 16 19 1b  0 11 21  9
  722: 13  8 10  f  3 16 19 1b  0 21 11  9
  723: 13  8 10  f  9  0 19 16 21  3 11 1b
  724: 13  8 10  f  9 16 11 19  0  3 21 1b
  725: 13  8 10  f  9 16 19  0 21  3 11 1b
  726: 13  8 10  f 19  0  9 16 21  3 11 1b
  727: 13  8 10  f 19  0 11 16 21  3 1b  9
  728: 13  8 10  f 19 16  9  0 21  3 11 1b
  729: 13  8 10  f 19 16 11  0 21  3 1b  9
  730: 13  8 10  f 19 16 11 1b  0  3 21  9
  731: 13  8 10 11  3  0 19 16 21  9 1b  f
  732: 13  8 10 11  3 16  9 19  0 21 1b  f
  733: 13  8 10 11  3 16 19  0 21  9 1b  f
  734: 13  8 10 11  3 16 19  f  0  9 21 1b
  735: 13  8 10 11  3 16 19  f  0 21 1b  9
  736: 13  8 10 11  3 16 19 1b  0  9 21  f
  737: 13  8 10 11  9  0 19 16 21  3 1b  f
  738: 13  8 10 11  9 16 19  0 21  3 1b  f
  739: 13  8 10 11  9 16 19  f  0  3 21 1b
  740: 13  8 10 11  9 16 19 1b  0  3 21  f
  741: 13  8 10 11  f  0 19 16 21  3 1b  9
  742: 13  8 10 11  f 16  9 19  0  3 21 1b
  743: 13  8 10 11  f 16 19  0 21  3 1b  9
  744: 13  8 10 11  f 16 19 1b  0  3 21  9
  745: 13  8 10 11 19  0  9 16 21  3 1b  f
  746: 13  8 10 11 19 16  9  0 21  3 1b  f
  747: 13  8 10 11 19 16  9  f  0  3 21 1b
  748: 13  8 10 11 19 16  9 1b  0  3 21  f
  749: 13  8 10 19  3  0  9 16 21 11 1b  f
  750: 13  8 10 19  3  0 11 16 21  9 1b  f
  751: 13  8 10 19  3 16  9  0 21 11 1b  f
  752: 13  8 10 19  3 16  9  f  0 11 21 1b
  753: 13  8 10 19  3 16  9  f  0 21 11 1b
  754: 13  8 10 19  3 16  9 1b  0 11 21  f
  755: 13  8 10 19  3 16  9 1b  0 21 11  f
  756: 13  8 10 19  3 16 11  0 21  9 1b  f
  757: 13  8 10 19  3 16 11  f  0  9 21 1b
  758: 13  8 10 19  3 16 11  f  0 21 1b  9
  759: 13  8 10 19  3 16 11 1b  0  9 21  f
  760: 13  8 10 19  9  0 11 16 21  3 1b  f
  761: 13  8 10 19  9 16 11  0 21  3 1b  f
  762: 13  8 10 19  9 16 11  f  0  3 21 1b
  763: 13  8 10 19  9 16 11 1b  0  3 21  f
  764: 13  8 10 19  f  0  9 16 21  3 11 1b
  765: 13  8 10 19  f  0 11 16 21  3 1b  9
  766: 13  8 10 19  f 16  9  0 21  3 11 1b
  767: 13  8 10 19  f 16 11  0 21  3 1b  9
  768: 13  8 10 19  f 16 11 1b  0  3 21  9
  769: 13  8 11  f  3 10 19 16  0  9 21 1b
  770: 13  8 11  f  3 10 19 16  0 21 1b  9
  771: 13  8 11  f  3 16 10 19  0  9 21 1b
  772: 13  8 11  f  3 16 10 19  0 21 1b  9
  773: 13  8 11  f  9 10 19 16  0  3 21 1b
  774: 13  8 11  f  9 16 10 19  0  3 21 1b
  775: 13  8 11  f 19  0 10 16 21  3 1b  9
  776: 13  8 11  f 19 10  9 16  0  3 21 1b
  777: 13  8 11  f 19 16 10  0 21  3 1b  9
  778: 13  8 11  f 19 16 10 1b  0  3 21  9
  779: 13  8 11 10  3  0 19 16 21  9 1b  f
  780: 13  8 11 10  3 16  9 19  0 21 1b  f
  781: 13  8 11 10  3 16 19  0 21  9 1b  f
  782: 13  8 11 10  3 16 19  f  0  9 21 1b
  783: 13  8 11 10  3 16 19  f  0 21 1b  9
  784: 13  8 11 10  3 16 19 1b  0  9 21  f
  785: 13  8 11 10  9  0 19 16 21  3 1b  f
  786: 13  8 11 10  9 16 19  0 21  3 1b  f
  787: 13  8 11 10  9 16 19  f  0  3 21 1b
  788: 13  8 11 10  9 16 19 1b  0  3 21  f
  789: 13  8 11 10  f  0 19 16 21  3 1b  9
  790: 13  8 11 10  f 16  9 19  0  3 21 1b
  791: 13  8 11 10  f 16 19  0 21  3 1b  9
  792: 13  8 11 10  f 16 19 1b  0  3 21  9
  793: 13  8 11 10 19  0  9 16 21  3 1b  f
  794: 13  8 11 10 19 16  9  0 21  3 1b  f
  795: 13  8 11 10 19 16  9  f  0  3 21 1b
  796: 13  8 11 10 19 16  9 1b  0  3 21  f
  797: 13  8 11 19  3  0 10 16 21  9 1b  f
  798: 13  8 11 19  3 10  9 16  0 21 1b  f
  799: 13  8 11 19  3 16 10  0 21  9 1b  f
  800: 13  8 11 19  3 16 10  f  0  9 21 1b
  801: 13  8 11 19  3 16 10  f  0 21 1b  9
  802: 13  8 11 19  3 16 10 1b  0  9 21  f
  803: 13  8 11 19  9  0 10 16 21  3 1b  f
  804: 13  8 11 19  9 16 10  0 21  3 1b  f
  805: 13  8 11 19  9 16 10  f  0  3 21 1b
  806: 13  8 11 19  9 16 10 1b  0  3 21  f
  807: 13  8 11 19  f  0 10 16 21  3 1b  9
  808: 13  8 11 19  f 10  9 16  0  3 21 1b
  809: 13  8 11 19  f 16 10  0 21  3 1b  9
  810: 13  8 11 19  f 16 10 1b  0  3 21  9
  811: 13  8 19  f  3  0 10 16 21  9 11 1b
  812: 13  8 19  f  3  0 10 16 21 11 1b  9
  813: 13  8 19  f  3 10  9 16  0 11 21 1b
  814: 13  8 19  f  3 10  9 16  0 21 11 1b
  815: 13  8 19  f  3 10 11 16  0  9 21 1b
  816: 13  8 19  f  3 10 11 16  0 21 1b  9
  817: 13  8 19  f  3 16 10  0 21  9 11 1b
  818: 13  8 19  f  3 16 10  0 21 11 1b  9
  819: 13  8 19  f  3 16 10 1b  0 11 21  9
  820: 13  8 19  f  3 16 10 1b  0 21 11  9
  821: 13  8 19  f  9  0 10 16 21  3 11 1b
  822: 13  8 19  f  9 10 11 16  0  3 21 1b
  823: 13  8 19  f  9 16 10  0 21  3 11 1b
  824: 13  8 19 10  3  0  9 16 21 11 1b  f
  825: 13  8 19 10  3  0 11 16 21  9 1b  f
  826: 13  8 19 10  3 16  9  0 21 11 1b  f
  827: 13  8 19 10  3 16  9  f  0 11 21 1b
  828: 13  8 19 10  3 16  9  f  0 21 11 1b
  829: 13  8 19 10  3 16  9 1b  0 11 21  f
  830: 13  8 19 10  3 16  9 1b  0 21 11  f
  831: 13  8 19 10  3 16 11  0 21  9 1b  f
  832: 13  8 19 10  3 16 11  f  0  9 21 1b
  833: 13  8 19 10  3 16 11  f  0 21 1b  9
  834: 13  8 19 10  3 16 11 1b  0  9 21  f
  835: 13  8 19 10  9  0 11 16 21  3 1b  f
  836: 13  8 19 10  9 16 11  0 21  3 1b  f
  837: 13  8 19 10  9 16 11  f  0  3 21 1b
  838: 13  8 19 10  9 16 11 1b  0  3 21  f
  839: 13  8 19 10  f  0  9 16 21  3 11 1b
  840: 13  8 19 10  f  0 11 16 21  3 1b  9
  841: 13  8 19 10  f 16  9  0 21  3 11 1b
  842: 13  8 19 10  f 16 11  0 21  3 1b  9
  843: 13  8 19 10  f 16 11 1b  0  3 21  9
  844: 13  8 19 11  3  0 10 16 21  9 1b  f
  845: 13  8 19 11  3 10  9 16  0 21 1b  f
  846: 13  8 19 11  3 16 10  0 21  9 1b  f
  847: 13  8 19 11  3 16 10  f  0  9 21 1b
  848: 13  8 19 11  3 16 10  f  0 21 1b  9
  849: 13  8 19 11  3 16 10 1b  0  9 21  f
  850: 13  8 19 11  9  0 10 16 21  3 1b  f
  851: 13  8 19 11  9 16 10  0 21  3 1b  f
  852: 13  8 19 11  9 16 10  f  0  3 21 1b
  853: 13  8 19 11  9 16 10 1b  0  3 21  f
  854: 13  8 19 11  f  0 10 16 21  3 1b  9
  855: 13  8 19 11  f 10  9 16  0  3 21 1b
  856: 13  8 19 11  f 16 10  0 21  3 1b  9
  857: 13  8 19 11  f 16 10 1b  0  3 21  9
  858: 13  8 1b  f  3 10 19 16  0 11 21  9
  859: 13  8 1b  f  3 10 19 16  0 21 11  9
  860: 13  8 1b  f  3 16 10 19  0 11 21  9
  861: 13  8 1b  f  3 16 10 19  0 21 11  9
  862: 13  8 1b  f 19  0 10 16 21  3 11  9
  863: 13  8 1b  f 19 10 11 16  0  3 21  9
  864: 13  8 1b  f 19 16 10  0 21  3 11  9
  865: 13  8 1b 10  3  0 19 16 21  9 11  f
  866: 13  8 1b 10  3 16  9 19  0 11 21  f
  867: 13  8 1b 10  3 16  9 19  0 21 11  f
  868: 13  8 1b 10  3 16 11 19  0  9 21  f
  869: 13  8 1b 10  3 16 19  0 21  9 11  f
  870: 13  8 1b 10  3 16 19  f  0 11 21  9
  871: 13  8 1b 10  3 16 19  f  0 21 11  9
  872: 13  8 1b 10  9  0 19 16 21  3 11  f
  873: 13  8 1b 10  9 16 11 19  0  3 21  f
  874: 13  8 1b 10  9 16 19  0 21  3 11  f
  875: 13  8 1b 10  f  0 19 16 21  3 11  9
  876: 13  8 1b 10  f 16 11 19  0  3 21  9
  877: 13  8 1b 10  f 16 19  0 21  3 11  9
  878: 13  8 1b 10 19  0  9 16 21  3 11  f
  879: 13  8 1b 10 19 16  9  0 21  3 11  f
  880: 13  8 1b 10 19 16 11  f  0  3 21  9
  881: 13  8 1b 11  3 10 19 16  0  9 21  f
  882: 13  8 1b 11  3 16 10 19  0  9 21  f
  883: 13  8 1b 11  9 10 19 16  0  3 21  f
  884: 13  8 1b 11  9 16 10 19  0  3 21  f
  885: 13  8 1b 11  f 10 19 16  0  3 21  9
  886: 13  8 1b 11  f 16 10 19  0  3 21  9
  887: 13  8 1b 11 19 10  9 16  0  3 21  f
  888: 13  8 1b 11 19 16 10  f  0  3 21  9
  889: 13  8 1b 19  3  0 10 16 21  9 11  f
  890: 13  8 1b 19  3 10  9 16  0 11 21  f
  891: 13  8 1b 19  3 10  9 16  0 21 11  f
  892: 13  8 1b 19  3 10 11 16  0  9 21  f
  893: 13  8 1b 19  3 16 10  0 21  9 11  f
  894: 13  8 1b 19  3 16 10  f  0 11 21  9
  895: 13  8 1b 19  3 16 10  f  0 21 11  9
  896: 13  8 1b 19  9  0 10 16 21  3 11  f
  897: 13  8 1b 19  9 10 11 16  0  3 21  f
  898: 13  8 1b 19  9 16 10  0 21  3 11  f
  899: 13  8 1b 19  f  0 10 16 21  3 11  9
  900: 13  8 1b 19  f 10 11 16  0  3 21  9
  901: 13  8 1b 19  f 16 10  0 21  3 11  9
  902: 13 16  3  f  8  0 10 19 21  9 11 1b
  903: 13 16  3  f  8  0 10 19 21 11 1b  9
  904: 13 16  3  f  8 10  9 19  0 11 21 1b
  905: 13 16  3  f  8 10  9 19  0 21 11 1b
  906: 13 16  3  f  8 10 11 19  0  9 21 1b
  907: 13 16  3  f  8 10 11 19  0 21 1b  9
  908: 13 16  3  f  8 10 19  0 21  9 11 1b
  909: 13 16  3  f  8 10 19  0 21 11 1b  9
  910: 13 16  3  f  8 10 19 1b  0 11 21  9
  911: 13 16  3  f  8 10 19 1b  0 21 11  9
  912: 13 16  3  f  9  0 10 19 21  8 11 1b
  913: 13 16  3  f  9 10 11 19  0  8 21 1b
  914: 13 16  3  f  9 10 19  0 21  8 11 1b
  915: 13 16  3  f  9 10 19  8  0 11 21 1b
  916: 13 16  3  f  9 10 19  8  0 21 11 1b
  917: 13 16  3  f 19  0 10  8 21  9 11 1b
  918: 13 16  3  f 19  0 10  8 21 11 1b  9
  919: 13 16  3  f 19  0 10 1b 21  8 11  9
  920: 13 16  3  f 19 10  9  0 21  8 11 1b
  921: 13 16  3  f 19 10  9  8  0 11 21 1b
  922: 13 16  3  f 19 10  9  8  0 21 11 1b
  923: 13 16  3  f 19 10 11  0 21  8 1b  9
  924: 13 16  3  f 19 10 11  8  0  9 21 1b
  925: 13 16  3  f 19 10 11  8  0 21 1b  9
  926: 13 16  3  f 19 10 11 1b  0  8 21  9
  927: 13 16  3 10  8  0  9 19 21 11 1b  f
  928: 13 16  3 10  8  0 11 19 21  9 1b  f
  929: 13 16  3 10  8  0 19  f 21  9 11 1b
  930: 13 16  3 10  8  0 19  f 21 11 1b  9
  931: 13 16  3 10  8  0 19 1b 21  9 11  f
  932: 13 16  3 10  9  0 11 19 21  8 1b  f
  933: 13 16  3 10  9  0 19  8 21 11 1b  f
  934: 13 16  3 10  9  0 19  f 21  8 11 1b
  935: 13 16  3 10  9  0 19 1b 21  8 11  f
  936: 13 16  3 10  f  0  9 19 21  8 11 1b
  937: 13 16  3 10  f  0 11 19 21  8 1b  9
  938: 13 16  3 10  f  0 19  8 21  9 11 1b
  939: 13 16  3 10  f  0 19  8 21 11 1b  9
  940: 13 16  3 10  f  0 19 1b 21  8 11  9
  941: 13 16  3 10 19  0  9  8 21 11 1b  f
  942: 13 16  3 10 19  0  9  f 21  8 11 1b
  943: 13 16  3 10 19  0  9 1b 21  8 11  f
  944: 13 16  3 10 19  0 11  8 21  9 1b  f
  945: 13 16  3 10 19  0 11  f 21  8 1b  9
  946: 13 16  3 11  8  0 10 19 21  9 1b  f
  947: 13 16  3 11  8 10  9 19  0 21 1b  f
  948: 13 16  3 11  8 10 19  0 21  9 1b  f
  949: 13 16  3 11  8 10 19  f  0  9 21 1b
  950: 13 16  3 11  8 10 19  f  0 21 1b  9
  951: 13 16  3 11  8 10 19 1b  0  9 21  f
  952: 13 16  3 11  9  0 10 19 21  8 1b  f
  953: 13 16  3 11  9 10 19  0 21  8 1b  f
  954: 13 16  3 11  9 10 19  8  0 21 1b  f
  955: 13 16  3 11  9 10 19  f  0  8 21 1b
  956: 13 16  3 11  9 10 19 1b  0  8 21  f
  957: 13 16  3 11  f  0 10 19 21  8 1b  9
  958: 13 16  3 11  f 10  9 19  0  8 21 1b
  959: 13 16  3 11  f 10 19  0 21  8 1b  9
  960: 13 16  3 11  f 10 19  8  0  9 21 1b
  961: 13 16  3 11  f 10 19  8  0 21 1b  9
  962: 13 16  3 11  f 10 19 1b  0  8 21  9
  963: 13 16  3 11 19  0 10  8 21  9 1b  f
  964: 13 16  3 11 19  0 10  f 21  8 1b  9
  965: 13 16  3 11 19 10  9  0 21  8 1b  f
  966: 13 16  3 11 19 10  9  8  0 21 1b  f
  967: 13 16  3 11 19 10  9  f  0  8 21 1b
  968: 13 16  3 11 19 10  9 1b  0  8 21  f
  969: 13 16  3 19  8  0 10  f 21  9 11 1b
  970: 13 16  3 19  8  0 10  f 21 11 1b  9
  971: 13 16  3 19  8  0 10 1b 21  9 11  f
  972: 13 16  3 19  8 10  9  0 21 11 1b  f
  973: 13 16  3 19  8 10  9  f  0 11 21 1b
  974: 13 16  3 19  8 10  9  f  0 21 11 1b
  975: 13 16  3 19  8 10  9 1b  0 11 21  f
  976: 13 16  3 19  8 10  9 1b  0 21 11  f
  977: 13 16  3 19  8 10 11  0 21  9 1b  f
  978: 13 16  3 19  8 10 11  f  0  9 21 1b
  979: 13 16  3 19  8 10 11  f  0 21 1b  9
  980: 13 16  3 19  8 10 11 1b  0  9 21  f
  981: 13 16  3 19  9  0 10  8 21 11 1b  f
  982: 13 16  3 19  9  0 10  f 21  8 11 1b
  983: 13 16  3 19  9  0 10 1b 21  8 11  f
  984: 13 16  3 19  9 10 11  0 21  8 1b  f
  985: 13 16  3 19  9 10 11  8  0 21 1b  f
  986: 13 16  3 19  9 10 11  f  0  8 21 1b
  987: 13 16  3 19  9 10 11 1b  0  8 21  f
  988: 13 16  3 19  f  0 10  8 21  9 11 1b
  989: 13 16  3 19  f  0 10  8 21 11 1b  9
  990: 13 16  3 19  f  0 10 1b 21  8 11  9
  991: 13 16  3 19  f 10  9  0 21  8 11 1b
  992: 13 16  3 19  f 10  9  8  0 11 21 1b
  993: 13 16  3 19  f 10  9  8  0 21 11 1b
  994: 13 16  3 19  f 10 11  0 21  8 1b  9
  995: 13 16  3 19  f 10 11  8  0  9 21 1b
  996: 13 16  3 19  f 10 11  8  0 21 1b  9
  997: 13 16  3 19  f 10 11 1b  0  8 21  9
  998: 13 16  9  f  3  0 10 19 21  8 11 1b
  999: 13 16  9  f  3 10 11 19  0  8 21 1b
 1000: 13 16  9  f  3 10 19  0 21  8 11 1b
 1001: 13 16  9  f  3 10 19  8  0 11 21 1b
 1002: 13 16  9  f  3 10 19  8  0 21 11 1b
 1003: 13 16  9  f  8  0 10 19 21  3 11 1b
 1004: 13 16  9  f  8 10 11 19  0  3 21 1b
 1005: 13 16  9  f  8 10 19  0 21  3 11 1b
 1006: 13 16  9  f 19  0 10  8 21  3 11 1b
 1007: 13 16  9  f 19 10 11  8  0  3 21 1b
 1008: 13 16  9 10  3  0 11 19 21  8 1b  f
 1009: 13 16  9 10  3  0 19  8 21 11 1b  f
 1010: 13 16  9 10  3  0 19  f 21  8 11 1b
 1011: 13 16  9 10  3  0 19 1b 21  8 11  f
 1012: 13 16  9 10  8  0 11 19 21  3 1b  f
 1013: 13 16  9 10  8  0 19  f 21  3 11 1b
 1014: 13 16  9 10  8  0 19 1b 21  3 11  f
 1015: 13 16  9 10  f  0 19  8 21  3 11 1b
 1016: 13 16  9 10 19  0 11  8 21  3 1b  f
 1017: 13 16  9 11  3  0 10 19 21  8 1b  f
 1018: 13 16  9 11  3 10 19  0 21  8 1b  f
 1019: 13 16  9 11  3 10 19  8  0 21 1b  f
 1020: 13 16  9 11  3 10 19  f  0  8 21 1b
 1021: 13 16  9 11  3 10 19 1b  0  8 21  f
 1022: 13 16  9 11  8  0 10 19 21  3 1b  f
 1023: 13 16  9 11  8 10 19  0 21  3 1b  f
 1024: 13 16  9 11  8 10 19  f  0  3 21 1b
 1025: 13 16  9 11  8 10 19 1b  0  3 21  f
 1026: 13 16  9 11  f 10 19  8  0  3 21 1b
 1027: 13 16  9 11 19  0 10  8 21  3 1b  f
 1028: 13 16  9 19  3  0 10  8 21 11 1b  f
 1029: 13 16  9 19  3  0 10  f 21  8 11 1b
 1030: 13 16  9 19  3  0 10 1b 21  8 11  f
 1031: 13 16  9 19  3 10 11  0 21  8 1b  f
 1032: 13 16  9 19  3 10 11  8  0 21 1b  f
 1033: 13 16  9 19  3 10 11  f  0  8 21 1b
 1034: 13 16  9 19  3 10 11 1b  0  8 21  f
 1035: 13 16  9 19  8  0 10  f 21  3 11 1b
 1036: 13 16  9 19  8  0 10 1b 21  3 11  f
 1037: 13 16  9 19  8 10 11  0 21  3 1b  f
 1038: 13 16  9 19  8 10 11  f  0  3 21 1b
 1039: 13 16  9 19  8 10 11 1b  0  3 21  f
 1040: 13 16  9 19  f  0 10  8 21  3 11 1b
 1041: 13 16  9 19  f 10 11  8  0  3 21 1b
 1042: 13 16  f 10  3  0  9 19 21  8 11 1b
 1043: 13 16  f 10  3  0 11 19 21  8 1b  9
 1044: 13 16  f 10  3  0 19  8 21  9 11 1b
 1045: 13 16  f 10  3  0 19  8 21 11 1b  9
 1046: 13 16  f 10  3  0 19 1b 21  8 11  9
 1047: 13 16  f 10  8  0  9 19 21  3 11 1b
 1048: 13 16  f 10  8  0 11 19 21  3 1b  9
 1049: 13 16  f 10  8  0 19 1b 21  3 11  9
 1050: 13 16  f 10  9  0 19  8 21  3 11 1b
 1051: 13 16  f 10 19  0  9  8 21  3 11 1b
 1052: 13 16  f 10 19  0 11  8 21  3 1b  9
 1053: 13 16  f 11  3  0 10 19 21  8 1b  9
 1054: 13 16  f 11  3 10  9 19  0  8 21 1b
 1055: 13 16  f 11  3 10 19  0 21  8 1b  9
 1056: 13 16  f 11  3 10 19  8  0  9 21 1b
 1057: 13 16  f 11  3 10 19  8  0 21 1b  9
 1058: 13 16  f 11  3 10 19 1b  0  8 21  9
 1059: 13 16  f 11  8  0 10 19 21  3 1b  9
 1060: 13 16  f 11  8 10  9 19  0  3 21 1b
 1061: 13 16  f 11  8 10 19  0 21  3 1b  9
 1062: 13 16  f 11  8 10 19 1b  0  3 21  9
 1063: 13 16  f 11  9 10 19  8  0  3 21 1b
 1064: 13 16  f 11 19  0 10  8 21  3 1b  9
 1065: 13 16  f 11 19 10  9  8  0  3 21 1b
 1066: 13 16  f 19  3  0 10  8 21  9 11 1b
 1067: 13 16  f 19  3  0 10  8 21 11 1b  9
 1068: 13 16  f 19  3  0 10 1b 21  8 11  9
 1069: 13 16  f 19  3 10  9  0 21  8 11 1b
 1070: 13 16  f 19  3 10  9  8  0 11 21 1b
 1071: 13 16  f 19  3 10  9  8  0 21 11 1b
 1072: 13 16  f 19  3 10 11  0 21  8 1b  9
 1073: 13 16  f 19  3 10 11  8  0  9 21 1b
 1074: 13 16  f 19  3 10 11  8  0 21 1b  9
 1075: 13 16  f 19  3 10 11 1b  0  8 21  9
 1076: 13 16  f 19  8  0 10 1b 21  3 11  9
 1077: 13 16  f 19  8 10  9  0 21  3 11 1b
 1078: 13 16  f 19  8 10 11  0 21  3 1b  9
 1079: 13 16  f 19  8 10 11 1b  0  3 21  9
 1080: 13 16  f 19  9  0 10  8 21  3 11 1b
 1081: 13 16  f 19  9 10 11  8  0  3 21 1b
 1082: 13 16 10  f  3  0  9 19 21  8 11 1b
 1083: 13 16 10  f  3  0 11 19 21  8 1b  9
 1084: 13 16 10  f  3  0 19  8 21  9 11 1b
 1085: 13 16 10  f  3  0 19  8 21 11 1b  9
 1086: 13 16 10  f  3  0 19 1b 21  8 11  9
 1087: 13 16 10  f  8  0  9 19 21  3 11 1b
 1088: 13 16 10  f  8  0 11 19 21  3 1b  9
 1089: 13 16 10  f  8  0 19 1b 21  3 11  9
 1090: 13 16 10  f  9  0 19  8 21  3 11 1b
 1091: 13 16 10  f 19  0  9  8 21  3 11 1b
 1092: 13 16 10  f 19  0 11  8 21  3 1b  9
 1093: 13 16 10 11  3  0  9 19 21  8 1b  f
 1094: 13 16 10 11  3  0 19  8 21  9 1b  f
 1095: 13 16 10 11  3  0 19  f 21  8 1b  9
 1096: 13 16 10 11  8  0  9 19 21  3 1b  f
 1097: 13 16 10 11  8  0 19  f 21  3 1b  9
 1098: 13 16 10 11  9  0 19  8 21  3 1b  f
 1099: 13 16 10 11  f  0 19  8 21  3 1b  9
 1100: 13 16 10 11 19  0  9  8 21  3 1b  f
 1101: 13 16 10 19  3  0  9  8 21 11 1b  f
 1102: 13 16 10 19  3  0  9  f 21  8 11 1b
 1103: 13 16 10 19  3  0  9 1b 21  8 11  f
 1104: 13 16 10 19  3  0 11  8 21  9 1b  f
 1105: 13 16 10 19  3  0 11  f 21  8 1b  9
 1106: 13 16 10 19  8  0  9  f 21  3 11 1b
 1107: 13 16 10 19  8  0  9 1b 21  3 11  f
 1108: 13 16 10 19  8  0 11  f 21  3 1b  9
 1109: 13 16 10 19  9  0 11  8 21  3 1b  f
 1110: 13 16 10 19  f  0  9  8 21  3 11 1b
 1111: 13 16 10 19  f  0 11  8 21  3 1b  9
 1112: 13 16 11  f  3  0 10 19 21  8 1b  9
 1113: 13 16 11  f  3 10  9 19  0  8 21 1b
 1114: 13 16 11  f  3 10 19  0 21  8 1b  9
 1115: 13 16 11  f  3 10 19  8  0  9 21 1b
 1116: 13 16 11  f  3 10 19  8  0 21 1b  9
 1117: 13 16 11  f  3 10 19 1b  0  8 21  9
 1118: 13 16 11  f  8  0 10 19 21  3 1b  9
 1119: 13 16 11  f  8 10  9 19  0  3 21 1b
 1120: 13 16 11  f  8 10 19  0 21  3 1b  9
 1121: 13 16 11  f  8 10 19 1b  0  3 21  9
 1122: 13 16 11  f  9 10 19  8  0  3 21 1b
 1123: 13 16 11  f 19  0 10  8 21  3 1b  9
 1124: 13 16 11  f 19 10  9  8  0  3 21 1b
 1125: 13 16 11 10  3  0  9 19 21  8 1b  f
 1126: 13 16 11 10  3  0 19  8 21  9 1b  f
 1127: 13 16 11 10  3  0 19  f 21  8 1b  9
 1128: 13 16 11 10  8  0  9 19 21  3 1b  f
 1129: 13 16 11 10  8  0 19  f 21  3 1b  9
 1130: 13 16 11 10  9  0 19  8 21  3 1b  f
 1131: 13 16 11 10  f  0 19  8 21  3 1b  9
 1132: 13 16 11 10 19  0  9  8 21  3 1b  f
 1133: 13 16 11 19  3  0 10  8 21  9 1b  f
 1134: 13 16 11 19  3  0 10  f 21  8 1b  9
 1135: 13 16 11 19  3 10  9  0 21  8 1b  f
 1136: 13 16 11 19  3 10  9  8  0 21 1b  f
 1137: 13 16 11 19  3 10  9  f  0  8 21 1b
 1138: 13 16 11 19  3 10  9 1b  0  8 21  f
 1139: 13 16 11 19  8  0 10  f 21  3 1b  9
 1140: 13 16 11 19  8 10  9  0 21  3 1b  f
 1141: 13 16 11 19  8 10  9  f  0  3 21 1b
 1142: 13 16 11 19  8 10  9 1b  0  3 21  f
 1143: 13 16 11 19  9  0 10  8 21  3 1b  f
 1144: 13 16 11 19  f  0 10  8 21  3 1b  9
 1145: 13 16 11 19  f 10  9  8  0  3 21 1b
 1146: 13 16 19  f  3  0 10  8 21  9 11 1b
 1147: 13 16 19  f  3  0 10  8 21 11 1b  9
 1148: 13 16 19  f  3  0 10 1b 21  8 11  9
 1149: 13 16 19  f  3 10  9  0 21  8 11 1b
 1150: 13 16 19  f  3 10  9  8  0 11 21 1b
 1151: 13 16 19  f  3 10  9  8  0 21 11 1b
 1152: 13 16 19  f  3 10 11  0 21  8 1b  9
 1153: 13 16 19  f  3 10 11  8  0  9 21 1b
 1154: 13 16 19  f  3 10 11  8  0 21 1b  9
 1155: 13 16 19  f  3 10 11 1b  0  8 21  9
 1156: 13 16 19  f  8  0 10 1b 21  3 11  9
 1157: 13 16 19  f  8 10  9  0 21  3 11 1b
 1158: 13 16 19  f  8 10 11  0 21  3 1b  9
 1159: 13 16 19  f  8 10 11 1b  0  3 21  9
 1160: 13 16 19  f  9  0 10  8 21  3 11 1b
 1161: 13 16 19  f  9 10 11  8  0  3 21 1b
 1162: 13 16 19 10  3  0  9  8 21 11 1b  f
 1163: 13 16 19 10  3  0  9  f 21  8 11 1b
 1164: 13 16 19 10  3  0  9 1b 21  8 11  f
 1165: 13 16 19 10  3  0 11  8 21  9 1b  f
 1166: 13 16 19 10  3  0 11  f 21  8 1b  9
 1167: 13 16 19 10  8  0  9  f 21  3 11 1b
 1168: 13 16 19 10  8  0  9 1b 21  3 11  f
 1169: 13 16 19 10  8  0 11  f 21  3 1b  9
 1170: 13 16 19 10  9  0 11  8 21  3 1b  f
 1171: 13 16 19 10  f  0  9  8 21  3 11 1b
 1172: 13 16 19 10  f  0 11  8 21  3 1b  9
 1173: 13 16 19 11  3  0 10  8 21  9 1b  f
 1174: 13 16 19 11  3  0 10  f 21  8 1b  9
 1175: 13 16 19 11  3 10  9  0 21  8 1b  f
 1176: 13 16 19 11  3 10  9  8  0 21 1b  f
 1177: 13 16 19 11  3 10  9  f  0  8 21 1b
 1178: 13 16 19 11  3 10  9 1b  0  8 21  f
 1179: 13 16 19 11  8  0 10  f 21  3 1b  9
 1180: 13 16 19 11  8 10  9  0 21  3 1b  f
 1181: 13 16 19 11  8 10  9  f  0  3 21 1b
 1182: 13 16 19 11  8 10  9 1b  0  3 21  f
 1183: 13 16 19 11  9  0 10  8 21  3 1b  f
 1184: 13 16 19 11  f  0 10  8 21  3 1b  9
 1185: 13 16 19 11  f 10  9  8  0  3 21 1b
 1186: 13 16 1b  f  3  0 10 19 21  8 11  9
 1187: 13 16 1b  f  3 10 11 19  0  8 21  9
 1188: 13 16 1b  f  3 10 19  0 21  8 11  9
 1189: 13 16 1b  f  3 10 19  8  0 11 21  9
 1190: 13 16 1b  f  3 10 19  8  0 21 11  9
 1191: 13 16 1b  f  8  0 10 19 21  3 11  9
 1192: 13 16 1b  f  8 10 11 19  0  3 21  9
 1193: 13 16 1b  f  8 10 19  0 21  3 11  9
 1194: 13 16 1b  f 19  0 10  8 21  3 11  9
 1195: 13 16 1b  f 19 10 11  8  0  3 21  9
 1196: 13 16 1b 10  3  0  9 19 21  8 11  f
 1197: 13 16 1b 10  3  0 19  8 21  9 11  f
 1198: 13 16 1b 10  3  0 19  f 21  8 11  9
 1199: 13 16 1b 10  8  0  9 19 21  3 11  f
 1200: 13 16 1b 10  8  0 19  f 21  3 11  9
 1201: 13 16 1b 10  9  0 19  8 21  3 11  f
 1202: 13 16 1b 10  f  0 19  8 21  3 11  9
 1203: 13 16 1b 10 19  0  9  8 21  3 11  f
 1204: 13 16 1b 11  3 10  9 19  0  8 21  f
 1205: 13 16 1b 11  3 10 19  8  0  9 21  f
 1206: 13 16 1b 11  3 10 19  f  0  8 21  9
 1207: 13 16 1b 11  8 10  9 19  0  3 21  f
 1208: 13 16 1b 11  8 10 19  f  0  3 21  9
 1209: 13 16 1b 11  9 10 19  8  0  3 21  f
 1210: 13 16 1b 11  f 10 19  8  0  3 21  9
 1211: 13 16 1b 11 19 10  9  8  0  3 21  f
 1212: 13 16 1b 19  3  0 10  8 21  9 11  f
 1213: 13 16 1b 19  3  0 10  f 21  8 11  9
 1214: 13 16 1b 19  3 10  9  0 21  8 11  f
 1215: 13 16 1b 19  3 10  9  8  0 11 21  f
 1216: 13 16 1b 19  3 10  9  8  0 21 11  f
 1217: 13 16 1b 19  3 10 11  8  0  9 21  f
 1218: 13 16 1b 19  3 10 11  f  0  8 21  9
 1219: 13 16 1b 19  8  0 10  f 21  3 11  9
 1220: 13 16 1b 19  8 10  9  0 21  3 11  f
 1221: 13 16 1b 19  8 10 11  f  0  3 21  9
 1222: 13 16 1b 19  9  0 10  8 21  3 11  f
 1223: 13 16 1b 19  9 10 11  8  0  3 21  f
 1224: 13 16 1b 19  f  0 10  8 21  3 11  9
 1225: 13 16 1b 19  f 10 11  8  0  3 21  9
 1226: 16  8  3  f  9  0 10 19 21 11 13 1b
 1227: 16  8  3  f  9 10 11 19  0 21 13 1b
 1228: 16  8  3  f  9 10 19  0 21 11 13 1b
 1229: 16  8  3  f  9 10 19 13  0 11 21 1b
 1230: 16  8  3  f  9 10 19 13  0 21 11 1b
 1231: 16  8  3  f 19  0 10 13 21  9 11 1b
 1232: 16  8  3  f 19  0 10 13 21 11 1b  9
 1233: 16  8  3  f 19  0 10 1b 21 11 13  9
 1234: 16  8  3  f 19 10  9  0 21 11 13 1b
 1235: 16  8  3  f 19 10  9 13  0 11 21 1b
 1236: 16  8  3  f 19 10  9 13  0 21 11 1b
 1237: 16  8  3  f 19 10 11  0 21  9 13 1b
 1238: 16  8  3  f 19 10 11 13  0  9 21 1b
 1239: 16  8  3  f 19 10 11 13  0 21 1b  9
 1240: 16  8  3  f 19 10 11 1b  0 21 13  9
 1241: 16  8  3 10  9  0 19  f 21 11 13 1b
 1242: 16  8  3 10  9  0 19 13 21 11 1b  f
 1243: 16  8  3 10  9  0 19 1b 21 11 13  f
 1244: 16  8  3 10  f  0  9 19 21 11 13 1b
 1245: 16  8  3 10  f  0 11 19 21  9 13 1b
 1246: 16  8  3 10  f  0 19 13 21  9 11 1b
 1247: 16  8  3 10  f  0 19 13 21 11 1b  9
 1248: 16  8  3 10  f  0 19 1b 21 11 13  9
 1249: 16  8  3 10 19  0  9  f 21 11 13 1b
 1250: 16  8  3 10 19  0  9 13 21 11 1b  f
 1251: 16  8  3 10 19  0  9 1b 21 11 13  f
 1252: 16  8  3 10 19  0 11  f 21  9 13 1b
 1253: 16  8  3 10 19  0 11 13 21  9 1b  f
 1254: 16  8  3 10 19  0 11 1b 21  9 13  f
 1255: 16  8  3 11  9 10 19  f  0 21 13 1b
 1256: 16  8  3 11  9 10 19 13  0 21 1b  f
 1257: 16  8  3 11  9 10 19 1b  0 21 13  f
 1258: 16  8  3 11  f  0 10 19 21  9 13 1b
 1259: 16  8  3 11  f 10  9 19  0 21 13 1b
 1260: 16  8  3 11  f 10 19  0 21  9 13 1b
 1261: 16  8  3 11  f 10 19 13  0  9 21 1b
 1262: 16  8  3 11  f 10 19 13  0 21 1b  9
 1263: 16  8  3 11  f 10 19 1b  0 21 13  9
 1264: 16  8  3 11 19  0 10  f 21  9 13 1b
 1265: 16  8  3 11 19  0 10 13 21  9 1b  f
 1266: 16  8  3 11 19  0 10 1b 21  9 13  f
 1267: 16  8  3 11 19 10  9  f  0 21 13 1b
 1268: 16  8  3 11 19 10  9 13  0 21 1b  f
 1269: 16  8  3 11 19 10  9 1b  0 21 13  f
 1270: 16  8  3 19  9  0 10  f 21 11 13 1b
 1271: 16  8  3 19  9  0 10 13 21 11 1b  f
 1272: 16  8  3 19  9  0 10 1b 21 11 13  f
 1273: 16  8  3 19  9 10 11  f  0 21 13 1b
 1274: 16  8  3 19  9 10 11 13  0 21 1b  f
 1275: 16  8  3 19  9 10 11 1b  0 21 13  f
 1276: 16  8  3 19  f  0 10 13 21  9 11 1b
 1277: 16  8  3 19  f  0 10 13 21 11 1b  9
 1278: 16  8  3 19  f  0 10 1b 21 11 13  9
 1279: 16  8  3 19  f 10  9  0 21 11 13 1b
 1280: 16  8  3 19  f 10  9 13  0 11 21 1b
 1281: 16  8  3 19  f 10  9 13  0 21 11 1b
 1282: 16  8  3 19  f 10 11  0 21  9 13 1b
 1283: 16  8  3 19  f 10 11 13  0  9 21 1b
 1284: 16  8  3 19  f 10 11 13  0 21 1b  9
 1285: 16  8  3 19  f 10 11 1b  0 21 13  9
 1286: 16  8  9  f  3  0 10 19 21 11 13 1b
 1287: 16  8  9  f  3 10 11 19  0 21 13 1b
 1288: 16  8  9  f  3 10 19  0 21 11 13 1b
 1289: 16  8  9  f  3 10 19 13  0 11 21 1b
 1290: 16  8  9  f  3 10 19 13  0 21 11 1b
 1291: 16  8  9  f 19  0 10 13 21  3 11 1b
 1292: 16  8  9  f 19 10 11  0 21  3 13 1b
 1293: 16  8  9  f 19 10 11 13  0  3 21 1b
 1294: 16  8  9 10  3  0 19  f 21 11 13 1b
 1295: 16  8  9 10  3  0 19 13 21 11 1b  f
 1296: 16  8  9 10  3  0 19 1b 21 11 13  f
 1297: 16  8  9 10  f  0 11 19 21  3 13 1b
 1298: 16  8  9 10  f  0 19 13 21  3 11 1b
 1299: 16  8  9 10 19  0 11  f 21  3 13 1b
 1300: 16  8  9 10 19  0 11 13 21  3 1b  f
 1301: 16  8  9 10 19  0 11 1b 21  3 13  f
 1302: 16  8  9 11  3 10 19  f  0 21 13 1b
 1303: 16  8  9 11  3 10 19 13  0 21 1b  f
 1304: 16  8  9 11  3 10 19 1b  0 21 13  f
 1305: 16  8  9 11  f  0 10 19 21  3 13 1b
 1306: 16  8  9 11  f 10 19  0 21  3 13 1b
 1307: 16  8  9 11  f 10 19 13  0  3 21 1b
 1308: 16  8  9 11 19  0 10  f 21  3 13 1b
 1309: 16  8  9 11 19  0 10 13 21  3 1b  f
 1310: 16  8  9 11 19  0 10 1b 21  3 13  f
 1311: 16  8  9 19  3  0 10  f 21 11 13 1b
 1312: 16  8  9 19  3  0 10 13 21 11 1b  f
 1313: 16  8  9 19  3  0 10 1b 21 11 13  f
 1314: 16  8  9 19  3 10 11  f  0 21 13 1b
 1315: 16  8  9 19  3 10 11 13  0 21 1b  f
 1316: 16  8  9 19  3 10 11 1b  0 21 13  f
 1317: 16  8  9 19  f  0 10 13 21  3 11 1b
 1318: 16  8  9 19  f 10 11  0 21  3 13 1b
 1319: 16  8  9 19  f 10 11 13  0  3 21 1b
 1320: 16  8  f 10  3  0  9 19 21 11 13 1b
 1321: 16  8  f 10  3  0 11 19 21  9 13 1b
 1322: 16  8  f 10  3  0 19 13 21  9 11 1b
 1323: 16  8  f 10  3  0 19 13 21 11 1b  9
 1324: 16  8  f 10  3  0 19 1b 21 11 13  9
 1325: 16  8  f 10  9  0 11 19 21  3 13 1b
 1326: 16  8  f 10  9  0 19 13 21  3 11 1b
 1327: 16  8  f 10 19  0  9 13 21  3 11 1b
 1328: 16  8  f 10 19  0 11 13 21  3 1b  9
 1329: 16  8  f 10 19  0 11 1b 21  3 13  9
 1330: 16  8  f 11  3  0 10 19 21  9 13 1b
 1331: 16  8  f 11  3 10  9 19  0 21 13 1b
 1332: 16  8  f 11  3 10 19  0 21  9 13 1b
 1333: 16  8  f 11  3 10 19 13  0  9 21 1b
 1334: 16  8  f 11  3 10 19 13  0 21 1b  9
 1335: 16  8  f 11  3 10 19 1b  0 21 13  9
 1336: 16  8  f 11  9  0 10 19 21  3 13 1b
 1337: 16  8  f 11  9 10 19  0 21  3 13 1b
 1338: 16  8  f 11  9 10 19 13  0  3 21 1b
 1339: 16  8  f 11 19  0 10 13 21  3 1b  9
 1340: 16  8  f 11 19  0 10 1b 21  3 13  9
 1341: 16  8  f 11 19 10  9  0 21  3 13 1b
 1342: 16  8  f 11 19 10  9 13  0  3 21 1b
 1343: 16  8  f 19  3  0 10 13 21  9 11 1b
 1344: 16  8  f 19  3  0 10 13 21 11 1b  9
 1345: 16  8  f 19  3  0 10 1b 21 11 13  9
 1346: 16  8  f 19  3 10  9  0 21 11 13 1b
 1347: 16  8  f 19  3 10  9 13  0 11 21 1b
 1348: 16  8  f 19  3 10  9 13  0 21 11 1b
 1349: 16  8  f 19  3 10 11  0 21  9 13 1b
 1350: 16  8  f 19  3 10 11 13  0  9 21 1b
 1351: 16  8  f 19  3 10 11 13  0 21 1b  9
 1352: 16  8  f 19  3 10 11 1b  0 21 13  9
 1353: 16  8  f 19  9  0 10 13 21  3 11 1b
 1354: 16  8  f 19  9 10 11  0 21  3 13 1b
 1355: 16  8  f 19  9 10 11 13  0  3 21 1b
 1356: 16  8 10  f  3  0  9 19 21 11 13 1b
 1357: 16  8 10  f  3  0 11 19 21  9 13 1b
 1358: 16  8 10  f  3  0 19 13 21  9 11 1b
 1359: 16  8 10  f  3  0 19 13 21 11 1b  9
 1360: 16  8 10  f  3  0 19 1b 21 11 13  9
 1361: 16  8 10  f  9  0 11 19 21  3 13 1b
 1362: 16  8 10  f  9  0 19 13 21  3 11 1b
 1363: 16  8 10  f 19  0  9 13 21  3 11 1b
 1364: 16  8 10  f 19  0 11 13 21  3 1b  9
 1365: 16  8 10  f 19  0 11 1b 21  3 13  9
 1366: 16  8 10 11  3  0 19  f 21  9 13 1b
 1367: 16  8 10 11  3  0 19 13 21  9 1b  f
 1368: 16  8 10 11  3  0 19 1b 21  9 13  f
 1369: 16  8 10 11  9  0 19  f 21  3 13 1b
 1370: 16  8 10 11  9  0 19 13 21  3 1b  f
 1371: 16  8 10 11  9  0 19 1b 21  3 13  f
 1372: 16  8 10 11  f  0  9 19 21  3 13 1b
 1373: 16  8 10 11  f  0 19 13 21  3 1b  9
 1374: 16  8 10 11  f  0 19 1b 21  3 13  9
 1375: 16  8 10 11 19  0  9  f 21  3 13 1b
 1376: 16  8 10 11 19  0  9 13 21  3 1b  f
 1377: 16  8 10 11 19  0  9 1b 21  3 13  f
 1378: 16  8 10 19  3  0  9  f 21 11 13 1b
 1379: 16  8 10 19  3  0  9 13 21 11 1b  f
 1380: 16  8 10 19  3  0  9 1b 21 11 13  f
 1381: 16  8 10 19  3  0 11  f 21  9 13 1b
 1382: 16  8 10 19  3  0 11 13 21  9 1b  f
 1383: 16  8 10 19  3  0 11 1b 21  9 13  f
 1384: 16  8 10 19  9  0 11  f 21  3 13 1b
 1385: 16  8 10 19  9  0 11 13 21  3 1b  f
 1386: 16  8 10 19  9  0 11 1b 21  3 13  f
 1387: 16  8 10 19  f  0  9 13 21  3 11 1b
 1388: 16  8 10 19  f  0 11 13 21  3 1b  9
 1389: 16  8 10 19  f  0 11 1b 21  3 13  9
 1390: 16  8 11  f  3  0 10 19 21  9 13 1b
 1391: 16  8 11  f  3 10  9 19  0 21 13 1b
 1392: 16  8 11  f  3 10 19  0 21  9 13 1b
 1393: 16  8 11  f  3 10 19 13  0  9 21 1b
 1394: 16  8 11  f  3 10 19 13  0 21 1b  9
 1395: 16  8 11  f  3 10 19 1b  0 21 13  9
 1396: 16  8 11  f  9  0 10 19 21  3 13 1b
 1397: 16  8 11  f  9 10 19  0 21  3 13 1b
 1398: 16  8 11  f  9 10 19 13  0  3 21 1b
 1399: 16  8 11  f 19  0 10 13 21  3 1b  9
 1400: 16  8 11  f 19  0 10 1b 21  3 13  9
 1401: 16  8 11  f 19 10  9  0 21  3 13 1b
 1402: 16  8 11  f 19 10  9 13  0  3 21 1b
 1403: 16  8 11 10  3  0 19  f 21  9 13 1b
 1404: 16  8 11 10  3  0 19 13 21  9 1b  f
 1405: 16  8 11 10  3  0 19 1b 21  9 13  f
 1406: 16  8 11 10  9  0 19  f 21  3 13 1b
 1407: 16  8 11 10  9  0 19 13 21  3 1b  f
 1408: 16  8 11 10  9  0 19 1b 21  3 13  f
 1409: 16  8 11 10  f  0  9 19 21  3 13 1b
 1410: 16  8 11 10  f  0 19 13 21  3 1b  9
 1411: 16  8 11 10  f  0 19 1b 21  3 13  9
 1412: 16  8 11 10 19  0  9  f 21  3 13 1b
 1413: 16  8 11 10 19  0  9 13 21  3 1b  f
 1414: 16  8 11 10 19  0  9 1b 21  3 13  f
 1415: 16  8 11 19  3  0 10  f 21  9 13 1b
 1416: 16  8 11 19  3  0 10 13 21  9 1b  f
 1417: 16  8 11 19  3  0 10 1b 21  9 13  f
 1418: 16  8 11 19  3 10  9  f  0 21 13 1b
 1419: 16  8 11 19  3 10  9 13  0 21 1b  f
 1420: 16  8 11 19  3 10  9 1b  0 21 13  f
 1421: 16  8 11 19  9  0 10  f 21  3 13 1b
 1422: 16  8 11 19  9  0 10 13 21  3 1b  f
 1423: 16  8 11 19  9  0 10 1b 21  3 13  f
 1424: 16  8 11 19  f  0 10 13 21  3 1b  9
 1425: 16  8 11 19  f  0 10 1b 21  3 13  9
 1426: 16  8 11 19  f 10  9  0 21  3 13 1b
 1427: 16  8 11 19  f 10  9 13  0  3 21 1b
 1428: 16  8 19  f  3  0 10 13 21  9 11 1b
 1429: 16  8 19  f  3  0 10 13 21 11 1b  9
 1430: 16  8 19  f  3  0 10 1b 21 11 13  9
 1431: 16  8 19  f  3 10  9  0 21 11 13 1b
 1432: 16  8 19  f  3 10  9 13  0 11 21 1b
 1433: 16  8 19  f  3 10  9 13  0 21 11 1b
 1434: 16  8 19  f  3 10 11  0 21  9 13 1b
 1435: 16  8 19  f  3 10 11 13  0  9 21 1b
 1436: 16  8 19  f  3 10 11 13  0 21 1b  9
 1437: 16  8 19  f  3 10 11 1b  0 21 13  9
 1438: 16  8 19  f  9  0 10 13 21  3 11 1b
 1439: 16  8 19  f  9 10 11  0 21  3 13 1b
 1440: 16  8 19  f  9 10 11 13  0  3 21 1b
 1441: 16  8 19 10  3  0  9  f 21 11 13 1b
 1442: 16  8 19 10  3  0  9 13 21 11 1b  f
 1443: 16  8 19 10  3  0  9 1b 21 11 13  f
 1444: 16  8 19 10  3  0 11  f 21  9 13 1b
 1445: 16  8 19 10  3  0 11 13 21  9 1b  f
 1446: 16  8 19 10  3  0 11 1b 21  9 13  f
 1447: 16  8 19 10  9  0 11  f 21  3 13 1b
 1448: 16  8 19 10  9  0 11 13 21  3 1b  f
 1449: 16  8 19 10  9  0 11 1b 21  3 13  f
 1450: 16  8 19 10  f  0  9 13 21  3 11 1b
 1451: 16  8 19 10  f  0 11 13 21  3 1b  9
 1452: 16  8 19 10  f  0 11 1b 21  3 13  9
 1453: 16  8 19 11  3  0 10  f 21  9 13 1b
 1454: 16  8 19 11  3  0 10 13 21  9 1b  f
 1455: 16  8 19 11  3  0 10 1b 21  9 13  f
 1456: 16  8 19 11  3 10  9  f  0 21 13 1b
 1457: 16  8 19 11  3 10  9 13  0 21 1b  f
 1458: 16  8 19 11  3 10  9 1b  0 21 13  f
 1459: 16  8 19 11  9  0 10  f 21  3 13 1b
 1460: 16  8 19 11  9  0 10 13 21  3 1b  f
 1461: 16  8 19 11  9  0 10 1b 21  3 13  f
 1462: 16  8 19 11  f  0 10 13 21  3 1b  9
 1463: 16  8 19 11  f  0 10 1b 21  3 13  9
 1464: 16  8 19 11  f 10  9  0 21  3 13 1b
 1465: 16  8 19 11  f 10  9 13  0  3 21 1b
 1466: 16  8 1b  f  3  0 10 19 21 11 13  9
 1467: 16  8 1b  f  3 10 11 19  0 21 13  9
 1468: 16  8 1b  f  3 10 19  0 21 11 13  9
 1469: 16  8 1b  f  3 10 19 13  0 11 21  9
 1470: 16  8 1b  f  3 10 19 13  0 21 11  9
 1471: 16  8 1b  f 19  0 10 13 21  3 11  9
 1472: 16  8 1b  f 19 10 11  0 21  3 13  9
 1473: 16  8 1b  f 19 10 11 13  0  3 21  9
 1474: 16  8 1b 10  3  0  9 19 21 11 13  f
 1475: 16  8 1b 10  3  0 11 19 21  9 13  f
 1476: 16  8 1b 10  3  0 19  f 21 11 13  9
 1477: 16  8 1b 10  3  0 19 13 21  9 11  f
 1478: 16  8 1b 10  9  0 11 19 21  3 13  f
 1479: 16  8 1b 10  9  0 19 13 21  3 11  f
 1480: 16  8 1b 10  f  0 11 19 21  3 13  9
 1481: 16  8 1b 10  f  0 19 13 21  3 11  9
 1482: 16  8 1b 10 19  0  9 13 21  3 11  f
 1483: 16  8 1b 10 19  0 11  f 21  3 13  9
 1484: 16  8 1b 11  3  0 10 19 21  9 13  f
 1485: 16  8 1b 11  3 10  9 19  0 21 13  f
 1486: 16  8 1b 11  3 10 19  0 21  9 13  f
 1487: 16  8 1b 11  3 10 19  f  0 21 13  9
 1488: 16  8 1b 11  3 10 19 13  0  9 21  f
 1489: 16  8 1b 11  9  0 10 19 21  3 13  f
 1490: 16  8 1b 11  9 10 19  0 21  3 13  f
 1491: 16  8 1b 11  9 10 19 13  0  3 21  f
 1492: 16  8 1b 11  f  0 10 19 21  3 13  9
 1493: 16  8 1b 11  f 10 19  0 21  3 13  9
 1494: 16  8 1b 11  f 10 19 13  0  3 21  9
 1495: 16  8 1b 11 19  0 10  f 21  3 13  9
 1496: 16  8 1b 11 19 10  9  0 21  3 13  f
 1497: 16  8 1b 11 19 10  9 13  0  3 21  f
 1498: 16  8 1b 19  3  0 10  f 21 11 13  9
 1499: 16  8 1b 19  3  0 10 13 21  9 11  f
 1500: 16  8 1b 19  3 10  9  0 21 11 13  f
 1501: 16  8 1b 19  3 10  9 13  0 11 21  f
 1502: 16  8 1b 19  3 10  9 13  0 21 11  f
 1503: 16  8 1b 19  3 10 11  0 21  9 13  f
 1504: 16  8 1b 19  3 10 11  f  0 21 13  9
 1505: 16  8 1b 19  3 10 11 13  0  9 21  f
 1506: 16  8 1b 19  9  0 10 13 21  3 11  f
 1507: 16  8 1b 19  9 10 11  0 21  3 13  f
 1508: 16  8 1b 19  9 10 11 13  0  3 21  f
 1509: 16  8 1b 19  f  0 10 13 21  3 11  9
 1510: 16  8 1b 19  f 10 11  0 21  3 13  9
 1511: 16  8 1b 19  f 10 11 13  0  3 21  9
 1512: 1b  8  3  f 19  0 10 16 21 11 13  9
 1513: 1b  8  3  f 19 10 11 16  0 21 13  9
 1514: 1b  8  3  f 19 16 10  0 21 11 13  9
 1515: 1b  8  3  f 19 16 10 13  0 11 21  9
 1516: 1b  8  3  f 19 16 10 13  0 21 11  9
 1517: 1b  8  3 10  9  0 19 16 21 11 13  f
 1518: 1b  8  3 10  9 16 11 19  0 21 13  f
 1519: 1b  8  3 10  9 16 19  0 21 11 13  f
 1520: 1b  8  3 10  9 16 19 13  0 11 21  f
 1521: 1b  8  3 10  9 16 19 13  0 21 11  f
 1522: 1b  8  3 10  f  0 19 16 21 11 13  9
 1523: 1b  8  3 10  f 16 11 19  0 21 13  9
 1524: 1b  8  3 10  f 16 19  0 21 11 13  9
 1525: 1b  8  3 10  f 16 19 13  0 11 21  9
 1526: 1b  8  3 10  f 16 19 13  0 21 11  9
 1527: 1b  8  3 10 19  0  9 16 21 11 13  f
 1528: 1b  8  3 10 19  0 11 16 21  9 13  f
 1529: 1b  8  3 10 19 16  9  0 21 11 13  f
 1530: 1b  8  3 10 19 16  9 13  0 11 21  f
 1531: 1b  8  3 10 19 16  9 13  0 21 11  f
 1532: 1b  8  3 10 19 16 11  0 21  9 13  f
 1533: 1b  8  3 10 19 16 11  f  0 21 13  9
 1534: 1b  8  3 10 19 16 11 13  0  9 21  f
 1535: 1b  8  3 11  9 10 19 16  0 21 13  f
 1536: 1b  8  3 11  9 16 10 19  0 21 13  f
 1537: 1b  8  3 11  f 10 19 16  0 21 13  9
 1538: 1b  8  3 11  f 16 10 19  0 21 13  9
 1539: 1b  8  3 11 19  0 10 16 21  9 13  f
 1540: 1b  8  3 11 19 10  9 16  0 21 13  f
 1541: 1b  8  3 11 19 16 10  0 21  9 13  f
 1542: 1b  8  3 11 19 16 10  f  0 21 13  9
 1543: 1b  8  3 11 19 16 10 13  0  9 21  f
 1544: 1b  8  3 19  9  0 10 16 21 11 13  f
 1545: 1b  8  3 19  9 10 11 16  0 21 13  f
 1546: 1b  8  3 19  9 16 10  0 21 11 13  f
 1547: 1b  8  3 19  9 16 10 13  0 11 21  f
 1548: 1b  8  3 19  9 16 10 13  0 21 11  f
 1549: 1b  8  3 19  f  0 10 16 21 11 13  9
 1550: 1b  8  3 19  f 10 11 16  0 21 13  9
 1551: 1b  8  3 19  f 16 10  0 21 11 13  9
 1552: 1b  8  3 19  f 16 10 13  0 11 21  9
 1553: 1b  8  3 19  f 16 10 13  0 21 11  9
 1554: 1b  8  9 10  3  0 19 16 21 11 13  f
 1555: 1b  8  9 10  3 16 11 19  0 21 13  f
 1556: 1b  8  9 10  3 16 19  0 21 11 13  f
 1557: 1b  8  9 10  3 16 19 13  0 11 21  f
 1558: 1b  8  9 10  3 16 19 13  0 21 11  f
 1559: 1b  8  9 10 19  0 11 16 21  3 13  f
 1560: 1b  8  9 10 19 16 11  0 21  3 13  f
 1561: 1b  8  9 10 19 16 11 13  0  3 21  f
 1562: 1b  8  9 11  3 10 19 16  0 21 13  f
 1563: 1b  8  9 11  3 16 10 19  0 21 13  f
 1564: 1b  8  9 11 19  0 10 16 21  3 13  f
 1565: 1b  8  9 11 19 16 10  0 21  3 13  f
 1566: 1b  8  9 11 19 16 10 13  0  3 21  f
 1567: 1b  8  9 19  3  0 10 16 21 11 13  f
 1568: 1b  8  9 19  3 10 11 16  0 21 13  f
 1569: 1b  8  9 19  3 16 10  0 21 11 13  f
 1570: 1b  8  9 19  3 16 10 13  0 11 21  f
 1571: 1b  8  9 19  3 16 10 13  0 21 11  f
 1572: 1b  8  f 10  3  0 19 16 21 11 13  9
 1573: 1b  8  f 10  3 16 11 19  0 21 13  9
 1574: 1b  8  f 10  3 16 19  0 21 11 13  9
 1575: 1b  8  f 10  3 16 19 13  0 11 21  9
 1576: 1b  8  f 10  3 16 19 13  0 21 11  9
 1577: 1b  8  f 10 19  0 11 16 21  3 13  9
 1578: 1b  8  f 10 19 16 11  0 21  3 13  9
 1579: 1b  8  f 10 19 16 11 13  0  3 21  9
 1580: 1b  8  f 11  3 10 19 16  0 21 13  9
 1581: 1b  8  f 11  3 16 10 19  0 21 13  9
 1582: 1b  8  f 11 19  0 10 16 21  3 13  9
 1583: 1b  8  f 11 19 16 10  0 21  3 13  9
 1584: 1b  8  f 11 19 16 10 13  0  3 21  9
 1585: 1b  8  f 19  3  0 10 16 21 11 13  9
 1586: 1b  8  f 19  3 10 11 16  0 21 13  9
 1587: 1b  8  f 19  3 16 10  0 21 11 13  9
 1588: 1b  8  f 19  3 16 10 13  0 11 21  9
 1589: 1b  8  f 19  3 16 10 13  0 21 11  9
 1590: 1b  8 10  f  3  0 19 16 21 11 13  9
 1591: 1b  8 10  f  3 16 11 19  0 21 13  9
 1592: 1b  8 10  f  3 16 19  0 21 11 13  9
 1593: 1b  8 10  f  3 16 19 13  0 11 21  9
 1594: 1b  8 10  f  3 16 19 13  0 21 11  9
 1595: 1b  8 10  f 19  0 11 16 21  3 13  9
 1596: 1b  8 10  f 19 16 11  0 21  3 13  9
 1597: 1b  8 10  f 19 16 11 13  0  3 21  9
 1598: 1b  8 10 11  3  0 19 16 21  9 13  f
 1599: 1b  8 10 11  3 16  9 19  0 21 13  f
 1600: 1b  8 10 11  3 16 19  0 21  9 13  f
 1601: 1b  8 10 11  3 16 19  f  0 21 13  9
 1602: 1b  8 10 11  3 16 19 13  0  9 21  f
 1603: 1b  8 10 11  9  0 19 16 21  3 13  f
 1604: 1b  8 10 11  9 16 19  0 21  3 13  f
 1605: 1b  8 10 11  9 16 19 13  0  3 21  f
 1606: 1b  8 10 11  f  0 19 16 21  3 13  9
 1607: 1b  8 10 11  f 16 19  0 21  3 13  9
 1608: 1b  8 10 11  f 16 19 13  0  3 21  9
 1609: 1b  8 10 11 19  0  9 16 21  3 13  f
 1610: 1b  8 10 11 19 16  9  0 21  3 13  f
 1611: 1b  8 10 11 19 16  9 13  0  3 21  f
 1612: 1b  8 10 19  3  0  9 16 21 11 13  f
 1613: 1b  8 10 19  3  0 11 16 21  9 13  f
 1614: 1b  8 10 19  3 16  9  0 21 11 13  f
 1615: 1b  8 10 19  3 16  9 13  0 11 21  f
 1616: 1b  8 10 19  3 16  9 13  0 21 11  f
 1617: 1b  8 10 19  3 16 11  0 21  9 13  f
 1618: 1b  8 10 19  3 16 11  f  0 21 13  9
 1619: 1b  8 10 19  3 16 11 13  0  9 21  f
 1620: 1b  8 10 19  9  0 11 16 21  3 13  f
 1621: 1b  8 10 19  9 16 11  0 21  3 13  f
 1622: 1b  8 10 19  9 16 11 13  0  3 21  f
 1623: 1b  8 10 19  f  0 11 16 21  3 13  9
 1624: 1b  8 10 19  f 16 11  0 21  3 13  9
 1625: 1b  8 10 19  f 16 11 13  0  3 21  9
 1626: 1b  8 11  f  3 10 19 16  0 21 13  9
 1627: 1b  8 11  f  3 16 10 19  0 21 13  9
 1628: 1b  8 11  f 19  0 10 16 21  3 13  9
 1629: 1b  8 11  f 19 16 10  0 21  3 13  9
 1630: 1b  8 11  f 19 16 10 13  0  3 21  9
 1631: 1b  8 11 10  3  0 19 16 21  9 13  f
 1632: 1b  8 11 10  3 16  9 19  0 21 13  f
 1633: 1b  8 11 10  3 16 19  0 21  9 13  f
 1634: 1b  8 11 10  3 16 19  f  0 21 13  9
 1635: 1b  8 11 10  3 16 19 13  0  9 21  f
 1636: 1b  8 11 10  9  0 19 16 21  3 13  f
 1637: 1b  8 11 10  9 16 19  0 21  3 13  f
 1638: 1b  8 11 10  9 16 19 13  0  3 21  f
 1639: 1b  8 11 10  f  0 19 16 21  3 13  9
 1640: 1b  8 11 10  f 16 19  0 21  3 13  9
 1641: 1b  8 11 10  f 16 19 13  0  3 21  9
 1642: 1b  8 11 10 19  0  9 16 21  3 13  f
 1643: 1b  8 11 10 19 16  9  0 21  3 13  f
 1644: 1b  8 11 10 19 16  9 13  0  3 21  f
 1645: 1b  8 11 19  3  0 10 16 21  9 13  f
 1646: 1b  8 11 19  3 10  9 16  0 21 13  f
 1647: 1b  8 11 19  3 16 10  0 21  9 13  f
 1648: 1b  8 11 19  3 16 10  f  0 21 13  9
 1649: 1b  8 11 19  3 16 10 13  0  9 21  f
 1650: 1b  8 11 19  9  0 10 16 21  3 13  f
 1651: 1b  8 11 19  9 16 10  0 21  3 13  f
 1652: 1b  8 11 19  9 16 10 13  0  3 21  f
 1653: 1b  8 11 19  f  0 10 16 21  3 13  9
 1654: 1b  8 11 19  f 16 10  0 21  3 13  9
 1655: 1b  8 11 19  f 16 10 13  0  3 21  9
 1656: 1b  8 19  f  3  0 10 16 21 11 13  9
 1657: 1b  8 19  f  3 10 11 16  0 21 13  9
 1658: 1b  8 19  f  3 16 10  0 21 11 13  9
 1659: 1b  8 19  f  3 16 10 13  0 11 21  9
 1660: 1b  8 19  f  3 16 10 13  0 21 11  9
 1661: 1b  8 19 10  3  0  9 16 21 11 13  f
 1662: 1b  8 19 10  3  0 11 16 21  9 13  f
 1663: 1b  8 19 10  3 16  9  0 21 11 13  f
 1664: 1b  8 19 10  3 16  9 13  0 11 21  f
 1665: 1b  8 19 10  3 16  9 13  0 21 11  f
 1666: 1b  8 19 10  3 16 11  0 21  9 13  f
 1667: 1b  8 19 10  3 16 11  f  0 21 13  9
 1668: 1b  8 19 10  3 16 11 13  0  9 21  f
 1669: 1b  8 19 10  9  0 11 16 21  3 13  f
 1670: 1b  8 19 10  9 16 11  0 21  3 13  f
 1671: 1b  8 19 10  9 16 11 13  0  3 21  f
 1672: 1b  8 19 10  f  0 11 16 21  3 13  9
 1673: 1b  8 19 10  f 16 11  0 21  3 13  9
 1674: 1b  8 19 10  f 16 11 13  0  3 21  9
 1675: 1b  8 19 11  3  0 10 16 21  9 13  f
 1676: 1b  8 19 11  3 10  9 16  0 21 13  f
 1677: 1b  8 19 11  3 16 10  0 21  9 13  f
 1678: 1b  8 19 11  3 16 10  f  0 21 13  9
 1679: 1b  8 19 11  3 16 10 13  0  9 21  f
 1680: 1b  8 19 11  9  0 10 16 21  3 13  f
 1681: 1b  8 19 11  9 16 10  0 21  3 13  f
 1682: 1b  8 19 11  9 16 10 13  0  3 21  f
 1683: 1b  8 19 11  f  0 10 16 21  3 13  9
 1684: 1b  8 19 11  f 16 10  0 21  3 13  9
 1685: 1b  8 19 11  f 16 10 13  0  3 21  9
 1686: 1b 16  3  f  8  0 10 19 21 11 13  9
 1687: 1b 16  3  f  8 10 11 19  0 21 13  9
 1688: 1b 16  3  f  8 10 19  0 21 11 13  9
 1689: 1b 16  3  f  8 10 19 13  0 11 21  9
 1690: 1b 16  3  f  8 10 19 13  0 21 11  9
 1691: 1b 16  3  f 19  0 10  8 21 11 13  9
 1692: 1b 16  3  f 19  0 10 13 21  8 11  9
 1693: 1b 16  3  f 19 10 11  0 21  8 13  9
 1694: 1b 16  3  f 19 10 11  8  0 21 13  9
 1695: 1b 16  3  f 19 10 11 13  0  8 21  9
 1696: 1b 16  3 10  8  0  9 19 21 11 13  f
 1697: 1b 16  3 10  8  0 11 19 21  9 13  f
 1698: 1b 16  3 10  8  0 19  f 21 11 13  9
 1699: 1b 16  3 10  8  0 19 13 21  9 11  f
 1700: 1b 16  3 10  9  0 11 19 21  8 13  f
 1701: 1b 16  3 10  9  0 19  8 21 11 13  f
 1702: 1b 16  3 10  9  0 19 13 21  8 11  f
 1703: 1b 16  3 10  f  0 11 19 21  8 13  9
 1704: 1b 16  3 10  f  0 19  8 21 11 13  9
 1705: 1b 16  3 10  f  0 19 13 21  8 11  9
 1706: 1b 16  3 10 19  0  9  8 21 11 13  f
 1707: 1b 16  3 10 19  0  9 13 21  8 11  f
 1708: 1b 16  3 10 19  0 11  8 21  9 13  f
 1709: 1b 16  3 10 19  0 11  f 21  8 13  9
 1710: 1b 16  3 11  8  0 10 19 21  9 13  f
 1711: 1b 16  3 11  8 10  9 19  0 21 13  f
 1712: 1b 16  3 11  8 10 19  0 21  9 13  f
 1713: 1b 16  3 11  8 10 19  f  0 21 13  9
 1714: 1b 16  3 11  8 10 19 13  0  9 21  f
 1715: 1b 16  3 11  9  0 10 19 21  8 13  f
 1716: 1b 16  3 11  9 10 19  0 21  8 13  f
 1717: 1b 16  3 11  9 10 19  8  0 21 13  f
 1718: 1b 16  3 11  9 10 19 13  0  8 21  f
 1719: 1b 16  3 11  f  0 10 19 21  8 13  9
 1720: 1b 16  3 11  f 10 19  0 21  8 13  9
 1721: 1b 16  3 11  f 10 19  8  0 21 13  9
 1722: 1b 16  3 11  f 10 19 13  0  8 21  9
 1723: 1b 16  3 11 19  0 10  8 21  9 13  f
 1724: 1b 16  3 11 19  0 10  f 21  8 13  9
 1725: 1b 16  3 11 19 10  9  0 21  8 13  f
 1726: 1b 16  3 11 19 10  9  8  0 21 13  f
 1727: 1b 16  3 11 19 10  9 13  0  8 21  f
 1728: 1b 16  3 19  8  0 10  f 21 11 13  9
 1729: 1b 16  3 19  8  0 10 13 21  9 11  f
 1730: 1b 16  3 19  8 10  9  0 21 11 13  f
 1731: 1b 16  3 19  8 10  9 13  0 11 21  f
 1732: 1b 16  3 19  8 10  9 13  0 21 11  f
 1733: 1b 16  3 19  8 10 11  0 21  9 13  f
 1734: 1b 16  3 19  8 10 11  f  0 21 13  9
 1735: 1b 16  3 19  8 10 11 13  0  9 21  f
 1736: 1b 16  3 19  9  0 10  8 21 11 13  f
 1737: 1b 16  3 19  9  0 10 13 21  8 11  f
 1738: 1b 16  3 19  9 10 11  0 21  8 13  f
 1739: 1b 16  3 19  9 10 11  8  0 21 13  f
 1740: 1b 16  3 19  9 10 11 13  0  8 21  f
 1741: 1b 16  3 19  f  0 10  8 21 11 13  9
 1742: 1b 16  3 19  f  0 10 13 21  8 11  9
 1743: 1b 16  3 19  f 10 11  0 21  8 13  9
 1744: 1b 16  3 19  f 10 11  8  0 21 13  9
 1745: 1b 16  3 19  f 10 11 13  0  8 21  9
 1746: 1b 16  9 10  3  0 11 19 21  8 13  f
 1747: 1b 16  9 10  3  0 19  8 21 11 13  f
 1748: 1b 16  9 10  3  0 19 13 21  8 11  f
 1749: 1b 16  9 10  8  0 11 19 21  3 13  f
 1750: 1b 16  9 10  8  0 19 13 21  3 11  f
 1751: 1b 16  9 10 19  0 11  8 21  3 13  f
 1752: 1b 16  9 11  3  0 10 19 21  8 13  f
 1753: 1b 16  9 11  3 10 19  0 21  8 13  f
 1754: 1b 16  9 11  3 10 19  8  0 21 13  f
 1755: 1b 16  9 11  3 10 19 13  0  8 21  f
 1756: 1b 16  9 11  8  0 10 19 21  3 13  f
 1757: 1b 16  9 11  8 10 19  0 21  3 13  f
 1758: 1b 16  9 11  8 10 19 13  0  3 21  f
 1759: 1b 16  9 11 19  0 10  8 21  3 13  f
 1760: 1b 16  9 19  3  0 10  8 21 11 13  f
 1761: 1b 16  9 19  3  0 10 13 21  8 11  f
 1762: 1b 16  9 19  3 10 11  0 21  8 13  f
 1763: 1b 16  9 19  3 10 11  8  0 21 13  f
 1764: 1b 16  9 19  3 10 11 13  0  8 21  f
 1765: 1b 16  9 19  8  0 10 13 21  3 11  f
 1766: 1b 16  9 19  8 10 11  0 21  3 13  f
 1767: 1b 16  9 19  8 10 11 13  0  3 21  f
 1768: 1b 16  f 10  3  0 11 19 21  8 13  9
 1769: 1b 16  f 10  3  0 19  8 21 11 13  9
 1770: 1b 16  f 10  3  0 19 13 21  8 11  9
 1771: 1b 16  f 10  8  0 11 19 21  3 13  9
 1772: 1b 16  f 10  8  0 19 13 21  3 11  9
 1773: 1b 16  f 10 19  0 11  8 21  3 13  9
 1774: 1b 16  f 11  3  0 10 19 21  8 13  9
 1775: 1b 16  f 11  3 10 19  0 21  8 13  9
 1776: 1b 16  f 11  3 10 19  8  0 21 13  9
 1777: 1b 16  f 11  3 10 19 13  0  8 21  9
 1778: 1b 16  f 11  8  0 10 19 21  3 13  9
 1779: 1b 16  f 11  8 10 19  0 21  3 13  9
 1780: 1b 16  f 11  8 10 19 13  0  3 21  9
 1781: 1b 16  f 11 19  0 10  8 21  3 13  9
 1782: 1b 16  f 19  3  0 10  8 21 11 13  9
 1783: 1b 16  f 19  3  0 10 13 21  8 11  9
 1784: 1b 16  f 19  3 10 11  0 21  8 13  9
 1785: 1b 16  f 19  3 10 11  8  0 21 13  9
 1786: 1b 16  f 19  3 10 11 13  0  8 21  9
 1787: 1b 16  f 19  8  0 10 13 21  3 11  9
 1788: 1b 16  f 19  8 10 11  0 21  3 13  9
 1789: 1b 16  f 19  8 10 11 13  0  3 21  9
 1790: 1b 16 10  f  3  0 11 19 21  8 13  9
 1791: 1b 16 10  f  3  0 19  8 21 11 13  9
 1792: 1b 16 10  f  3  0 19 13 21  8 11  9
 1793: 1b 16 10  f  8  0 11 19 21  3 13  9
 1794: 1b 16 10  f  8  0 19 13 21  3 11  9
 1795: 1b 16 10  f 19  0 11  8 21  3 13  9
 1796: 1b 16 10 11  3  0  9 19 21  8 13  f
 1797: 1b 16 10 11  3  0 19  8 21  9 13  f
 1798: 1b 16 10 11  3  0 19  f 21  8 13  9
 1799: 1b 16 10 11  8  0  9 19 21  3 13  f
 1800: 1b 16 10 11  8  0 19  f 21  3 13  9
 1801: 1b 16 10 11  9  0 19  8 21  3 13  f
 1802: 1b 16 10 11  f  0 19  8 21  3 13  9
 1803: 1b 16 10 11 19  0  9  8 21  3 13  f
 1804: 1b 16 10 19  3  0  9  8 21 11 13  f
 1805: 1b 16 10 19  3  0  9 13 21  8 11  f
 1806: 1b 16 10 19  3  0 11  8 21  9 13  f
 1807: 1b 16 10 19  3  0 11  f 21  8 13  9
 1808: 1b 16 10 19  8  0  9 13 21  3 11  f
 1809: 1b 16 10 19  8  0 11  f 21  3 13  9
 1810: 1b 16 10 19  9  0 11  8 21  3 13  f
 1811: 1b 16 10 19  f  0 11  8 21  3 13  9
 1812: 1b 16 11  f  3  0 10 19 21  8 13  9
 1813: 1b 16 11  f  3 10 19  0 21  8 13  9
 1814: 1b 16 11  f  3 10 19  8  0 21 13  9
 1815: 1b 16 11  f  3 10 19 13  0  8 21  9
 1816: 1b 16 11  f  8  0 10 19 21  3 13  9
 1817: 1b 16 11  f  8 10 19  0 21  3 13  9
 1818: 1b 16 11  f  8 10 19 13  0  3 21  9
 1819: 1b 16 11  f 19  0 10  8 21  3 13  9
 1820: 1b 16 11 10  3  0  9 19 21  8 13  f
 1821: 1b 16 11 10  3  0 19  8 21  9 13  f
 1822: 1b 16 11 10  3  0 19  f 21  8 13  9
 1823: 1b 16 11 10  8  0  9 19 21  3 13  f
 1824: 1b 16 11 10  8  0 19  f 21  3 13  9
 1825: 1b 16 11 10  9  0 19  8 21  3 13  f
 1826: 1b 16 11 10  f  0 19  8 21  3 13  9
 1827: 1b 16 11 10 19  0  9  8 21  3 13  f
 1828: 1b 16 11 19  3  0 10  8 21  9 13  f
 1829: 1b 16 11 19  3  0 10  f 21  8 13  9
 1830: 1b 16 11 19  3 10  9  0 21  8 13  f
 1831: 1b 16 11 19  3 10  9  8  0 21 13  f
 1832: 1b 16 11 19  3 10  9 13  0  8 21  f
 1833: 1b 16 11 19  8  0 10  f 21  3 13  9
 1834: 1b 16 11 19  8 10  9  0 21  3 13  f
 1835: 1b 16 11 19  8 10  9 13  0  3 21  f
 1836: 1b 16 11 19  9  0 10  8 21  3 13  f
 1837: 1b 16 11 19  f  0 10  8 21  3 13  9
 1838: 1b 16 19  f  3  0 10  8 21 11 13  9
 1839: 1b 16 19  f  3  0 10 13 21  8 11  9
 1840: 1b 16 19  f  3 10 11  0 21  8 13  9
 1841: 1b 16 19  f  3 10 11  8  0 21 13  9
 1842: 1b 16 19  f  3 10 11 13  0  8 21  9
 1843: 1b 16 19  f  8  0 10 13 21  3 11  9
 1844: 1b 16 19  f  8 10 11  0 21  3 13  9
 1845: 1b 16 19  f  8 10 11 13  0  3 21  9
 1846: 1b 16 19 10  3  0  9  8 21 11 13  f
 1847: 1b 16 19 10  3  0  9 13 21  8 11  f
 1848: 1b 16 19 10  3  0 11  8 21  9 13  f
 1849: 1b 16 19 10  3  0 11  f 21  8 13  9
 1850: 1b 16 19 10  8  0  9 13 21  3 11  f
 1851: 1b 16 19 10  8  0 11  f 21  3 13  9
 1852: 1b 16 19 10  9  0 11  8 21  3 13  f
 1853: 1b 16 19 10  f  0 11  8 21  3 13  9
 1854: 1b 16 19 11  3  0 10  8 21  9 13  f
 1855: 1b 16 19 11  3  0 10  f 21  8 13  9
 1856: 1b 16 19 11  3 10  9  0 21  8 13  f
 1857: 1b 16 19 11  3 10  9  8  0 21 13  f
 1858: 1b 16 19 11  3 10  9 13  0  8 21  f
 1859: 1b 16 19 11  8  0 10  f 21  3 13  9
 1860: 1b 16 19 11  8 10  9  0 21  3 13  f
 1861: 1b 16 19 11  8 10  9 13  0  3 21  f
 1862: 1b 16 19 11  9  0 10  8 21  3 13  f
 1863: 1b 16 19 11  f  0 10  8 21  3 13  9
