35
 0  99  3 33 10 99 99 12 99 20 15 14 99 32 29  7 99 26  1 99 18 99 99 23 27 25 28  0 31 19 99 13 99 99 17 11
 1   1  0 16 21 10 12 99 14 99 17 22  6 99  7 24 32  9  8 99 99 99 19 99 99 99 15  3  4 30 99 26 34 99 31 99
 2  99 22 99  6 17 15 21 99 16 99 99  2 13 33 28 99 99 99  4  8 34 10 99 99 99  3  7 29 23 20 99  9 12 14  5
 3   8 99 34 32 27 99 16 99 19 99 99 33  4 13 10 99 18  5 31  1  0 99 99 99 24  9 21 99 14 30 99 22  3 99 26
 4  99 27 30  1 99  0 99 33 99 14 99 99  3  8 99 11 12 99 28 16 24 22 99 34 15 17 20  2 99 99  9  7 99 25 29
 5  20 12 99 99 15 28  0 30 27 21 34 99 24 99 11 26 13 23  2 99 99 17 99 99  8 10 31 99 99 99  5 32  7 19 33
 6   3 23 99 30 99 27 99 28 99 20  7 10 99  9 99 99  2  0 13 19 99 16 99 26 99 32 99 24 29 21 99 12 25 22 17
 7  27 18 12 25 13 34 23  4  1  3 24 99 26 99 19 99  6 10 16 31 99  2 99 99 99 11 99 21 99 99  7 99 29 28 99
 8   5 99 18 20  6 23 99 99 99 99  0 99 19 24 99 30 15  4 14 25 21 33 26 99 99 34 28 22 99  8 99 99 16 10  3
 9  11 26 99 22 99 99 15  6 29 27 31 14 34 21 99 99 24 12 17  2 99 99 18  8 99 33  1 99 25  5 99 99  0 99 32
10  21 99 11 13 25 99 99 23 99 10 19 99  0 22 99 99 99 24 20 99  9 18 32 28 99 27 34 30  7  2 31 17 99 16 99
11  99 99  5 99 99 99 99  7  3  6 30  0 23 99 27 21 32  2 99  9 29 99 24 13 99 20 99 14  1 11 15 99 28 33 19
12  99 99 28 26 99 25  3  9 99 16 29 31 11 17 18 99 99  7 99 99 99 99 14  2 99 23 15 19 99 32  8 10 13  6 30
13  31 99 99 99 33  5 30 18  7 99 99 17 20 32  4 12 34 99  3  6 26 99 99 22 99 14 10 99  9 99  1 99 23 24  2
14  24 99  0 99 99  9 26 11 99 99 33 32 99 18  5  6  7 28 34 99 99 14 16 15 13 99 29 25 10 99 20 27  2  8 99
15  25 31 19 99 32 99  4  8 18 11 99 99 99 99 99 16  1 99 23 99 99 34 99 33 17  0  2  7 20 26  3 30  5 13 10
16  15 99  7  3 99 18 33 99 25 99  8 28 30 14 32 99 99 29 99 26 13 99 12 99 21 31 19  5 17 99 99  2  1 99 16
17  99  7  3 99 99 11 20  2 13  0 99 99 99 23 30  5  8 22 33 10 28  1 27 21  6 99 99 99 32 31 16 99 99 29 34
18   0 19 99  2 31 16 34 99 15  5 32 30 28  4 99 99 99 99 10  7 33 26  1 99 23  6 99 99 21 12 24 99 17  3 99
19  10 13 14 24 12  2  6 99 34 99 99 26 99 11 99 28 99 99 99 99 18  7 21 32 20 30 23 99  5  4 99 29 31 99  1
20   4 99 99 99  2  6 10 25 17 99 28 99  9 19 99 15 23 99  7 22 14 99 99 99 26 13 11 27  3 18 99  1 99 21 31
21  14 99  8 11 24 99 99 13  9 12 99  7 99 99 22 19 25 99 99 99  5 15 20 31 18 29 99 99  4 27 34 33 99 23  0
22   7 15 99 99  1 99 17 12 21 99 20  9 33 99  2 13 19 11 99 28 31 99 30 99 22 16 99 26 34  0 99  3 24 99 18
23  99  2  1 27  0 99  8 99 99 19  6 25 31 30 34 24 10 20 29 99 99  3  4 16 33 99 99 23 99  7 32  5 21 99 99
24  34 21 32 99  4 30 99  5 99 99 99 19 27 99 29  3 17 99 99 23  2  8  0 20  9 99 24 10 22  1 11 99 99 26  7
25  99 34 99 12 99  3 99  0 10  4 26 99 99 99 16 25 99 99 21 17 19 32 15 18 28 99 22  1 13 99 99  8  9  7 20
26  99 32 25 33  9 10 18 99 99 99  5  3 99 28 13 34 27 14  1 99 99 99 17 99 19  7 99  0  6 22 29 21  8 99 15
27  99 24 31  5 99  7 99 99 99 18 11 16  1  0 99 27 33 15 99  4 23 99 99 17 12 19 26 32 99 10 21  6 99 99  9
28   6 29 99  0 34 99 99 15 32  1  4 99 22 99 33 99  3 99 99 27  7 11 99 23 10 99 14 16 99 24 25 99 20  2 12
29  99 14 17 18  3 19  7 99 28 25 23 20 10  2 99  8 99 33 12 99 99 24 31  1 11 99  5 99 99 13  0 99 99 99 27
30  30 99 99  7 99 99 24 10 31 99 18 34  8 25 17 29 11  3 32  5 12 21 13 19 99 99 99 99 99 23 22 28 99  0 99
31  19 25 13 15 28 33 22 99  5 99 21 23 99 99 99  0 31 27 26 99 10 29  7 99  2 99 99 99 12 99 99  4 11 99 24
32  16  6 29 31  5 99 25  3 30  9 12 18 99 99  0 99 99 19 24 34 27 99 10  4  7 99 32 99 99 28 99 14 22 99 99
33  28 33 99 99 11 20 99 31 99 23 99 99  7  3 26 22 99 34  9 15  1 25  2 10 32 99 99 18  8  6 14 13 99 99 99
34  12 99  2 99  7 31 32 20  8 33 99 22 99 99 21 10 28 99 99  3 11  9  5  6 99 26 16 15 99 99 18 99 19 34 25


   544  4332   598  2623  3193  2736  1944   646  3820  1108   378  7064  4230   744  6246  3148   615  7531  1320   568  1875  7834  3692  6126  7479   466 10058  3942   465   191  1748   863  6713   906   103
