35
 0  11 99 14 19 28 99 18 33 26 99 29 99 17 15 99 13 99 12 10 99 99 99 23 20 31 32  3 27  7 99 99 25  1 99  0
 1  99 99 22 30 15  1 99 16  9 14  7 34 31 17 99 26 99 99 21 12 32 10 99 99  4 99  0 99 24 99  6 99  8 19  3
 2   5 20 99 23  3 99  8 99 99 99 33  9 14 99  4 99 34 21  6 15 99 17 99 16 29 13 22 99 28 12  2 99 99 10  7
 3  26 30 99 14  9  8  1 34 18 99 13 22 99 99 31 99  0 16 32 99 99 27 99 19 99  4 99 99 10  3 33 24  5 99 21
 4  29 19 99 99 17 99 16 30 12 33  8  7 25 14 28  9 24 99  1  0 11 99  6 99  2  3 27 34 99 99 99 15 99 22 20
 5  33 99 34 18 10 20 99 99 13 30 99 32 19 21  2  5 99  0 99 28 26 15 99 27 99 24 12 99 11  7 99  8 23 17 31
 6  17 21  7 29 32  3 19 99  2 28  9 12 22 20 13 99 99 99 30 27 99 99 34 99 24 99 23 26 99 25 10 99  0 16 99
 7  99 99 24 99 11 27 31 12  6  4 99 99 28  3 16  7 32 23 25 34 99 13 99  1 21 26 18 99 19 29 99 99 10  2 99
 8   3  8  0 99 34  5 25 18 15 99 24 99 10 99 14 99 21 99 20 23 30  6 26 99 22 19 99 99 99 16 99 99  4 33 28
 9  32  5 31 25 33 11  2 99 24  6 21 99 99 27 17 99 99 15 22 99  7 99 18 29 99 34 26  8 99  0 14 99 12 99  1
10  99  2 19  7 27 21 99 11 99 23 22 17 16 10 20 31  9 99 13 99 99 25 32 99 30  0 99 28 99 99 99 99 24 18 34
11  19 11 30  1 20 99  9  5 32  7 99 99 33  6 99 15 29 31 99 99 21 99 24  3 14 23 99 13 27 28  0 99  2 99 99
12  30 32 29 99 23 99 99 28 99  9 17 10  6 16 99  8 99  3 26 25 99 99 14 99 19 11 99  2 18 13 31 34  7 99 15
13   2 99 99  9 14 31  6 99 34 18 32 99 24 99  3  1 26 30 99  5 12 33 99  7 99 20 99 22  4 23 17 99 99 99 10
14  99 99 33 10 99 24 99  0  7 11 18 27  8 31 34 20 99 26 99  9  6 99 16 99 25 99 99 15  5  2 32 13 28 14 29
15  10 26 99 20  0 25 99 19  1  8 99 30 13 11 23  3 99  4 99 99 16 32 99 18  7 99 31 33 99  5 99 17 99 34  2
16  16 99  8 17 31 15 26  7 99 99 14  2 99 99 99 99 13 33  3 18 99 99 12 25  5 30 99 99 32  1 28 21 29 99 19
17  34 31 99 32 99 99 10  3  8  2 23 99 29  0 33 16 28 20 99 11  5 99 27 13 99 99  7 21 30 99 99  6 22  1 99
18  99 12 32 21  6  0  7 99 99 99  4 99  3  5 10 24 33 34  2 16 99 31  1 15 99 28 19 99 99 17 30 23 99 26 99
19   1  4 99  5 30 10 99 14 99 99 11 29 99 99 99 99 18  6 24  2 28 12 21 34 99 99 13 32 99 31 26 20 99  7 23
20  31 18 28  3 13  4 22 99 23 25 19  1 21 99  7 99 14 10 99  6 15  2 99 17 27  9 99 99 99 99 99 26 99 99 11
21   0 27 99  4 29 14 99  8 25 13 99 33 23 12 99 34  5 99 11 99 19 24 20  9 99 99 99 31 22 99  7 18 99 15 99
22  18  0 20 34 16  7 28 99 19 12 99  3 99 99 99 99 31 17 99 99 13  1 30 21 26 33 15 99  2 24  9 22 11 99 99
23  99  7  6 99 99 99 99  1 10 99 30  5 99 19 29 32 99  8 27 99 24  0  4 99 23 31  2 16 34 21 25 33 20  3 99
24   7  1 99 22 99 34 23 32 17  5 99 99 26 99 99 11  2 99 99 30  3  4  0 99 10 27 21 20 29 99 19  9 99  8 24
25  20 99 26 13 99 99 17 99 99  0 99  8  7  4 21 99 19 99 12  3 25 99 15 10  1 99 34 18 16  9 99 28 99 32 22
26  15 22  5  6  7 99 99 25 27 99 28 21 99 99  1 29 99 18 33 10 34  9 17 99  0 99 32 99 13  8  3 19 14 31 99
27   9 10 11 99 19 99  4 31 33 99  0  6 99 18 99 21 23 99  5  7 27 99 99 99 32  1 24 17 99 99 16 12 15 99 26
28  12 24  4 99 99  6 27 99  3 15 99 99  2  1 99 25  7 99  0 99 99 34 99 32 16 22 29 23 33 20 99 10 99 11 14
29  27 13 23 99 99 99 99 17 99 99  2 99 99 25 12  0 99  7 18 19  8  3 31 28 99 10 14  1 99 99 20 11 33 24  5
30  99 23 18 99 99 30  5 99 11 10 25 28  0 99 32 22 12 24  7 99 29 99 13 31 99  8 99 19 17 99 34 99  3 21 99
31  24 99 21 12 99 19 99 13 31 99 99  4 99 99 26 99 10 22 15 33  0 28  7  5 99 99 25 99 99 11 23  2 27 29 99
32  99 28 12 99 99 16 34 29 99  3 99 14 99  9 24 99 27 25 31 99 99  5 10 30 99 99  6  4  0 22 18  7 19 99 32
33  99  6 99  8 99 28 15 99 99 31  3 13 99 23  9 14  1 99 99 20 22 11  2 99 18  7 33 10 26 99 99 32 34 25 99
34  25 99 99 99 26 12  3  2 28 20 99 99 34 33 99 18 11 32 99 31 10  7  5  8 15 99 99  6 21 19 22 99 99  9 16


   103   191   378   465   466   544   568   598   615   646   744   863   906  1108  1320  1748  1875  1944  2623  2736  3148  3193  3692  3820  3942  4230  4332  6126  6246  6713  7064  7479  7531  7834 10058
