    0: 16  1 14  0 21  5 1b 15  4  c 22 18
    1: 16  1 14  0 21 15  5  c  4 1b 22 18
    2: 16  1 14  0 21 15  5 18  4  c 22 1b
    3: 16  1 14  0 21 15 1b  c  4  5 22 18
    4: 16  1 14  c 21  0  5 15  4 1b 22 18
    5: 16  1 14  c 21  0 1b 15  4  5 22 18
    6: 16  1 14  c 21  5  0 15  4 1b 22 18
    7: 16  1 14  c 21  5 1b 15  4  0 22 18
    8: 16  1 14  c 21 15  0 18  4  5 22 1b
    9: 16  1 14  c 21 15  5  0  4 1b 22 18
   10: 16  1 14  c 21 15  5 18  4  0 22 1b
   11: 16  1 14  c 21 15  5 18  4 1b 22  0
   12: 16  1 14  c 21 15 1b  0  4  5 22 18
   13: 16  1 14  c 21 15 1b 18  4  5 22  0
   14: 16  1 14 18 21  0  5 15  4  c 22 1b
   15: 16  1 14 18 21  5  0 15  4  c 22 1b
   16: 16  1 14 18 21  5 1b 15  4  c 22  0
   17: 16  1 14 18 21 15  0  c  4  5 22 1b
   18: 16  1 14 18 21 15  5  0  4  c 22 1b
   19: 16  1 14 18 21 15  5  c  4  0 22 1b
   20: 16  1 14 18 21 15  5  c  4 1b 22  0
   21: 16  1 14 18 21 15 1b  c  4  5 22  0
   22: 16  1 15  0  4  5 1b 18 14  c 22 21
   23: 16  1 15  0  4  5 1b 21 14  c 22 18
   24: 16  1 15  0 14  5 1b 18  4  c 22 21
   25: 16  1 15  0 14  5 1b 21  4  c 22 18
   26: 16  1 15  0 21  4  5  c 14 1b 22 18
   27: 16  1 15  0 21  4  5 18 14  c 22 1b
   28: 16  1 15  0 21  4 1b  c 14  5 22 18
   29: 16  1 15  0 21  5 1b  c  4 14 22 18
   30: 16  1 15  0 21  5 1b  c 14  4 22 18
   31: 16  1 15  0 21  5 1b 14  4  c 22 18
   32: 16  1 15  0 21 14  5  c  4 1b 22 18
   33: 16  1 15  0 21 14  5 18  4  c 22 1b
   34: 16  1 15  0 21 14 1b  c  4  5 22 18
   35: 16  1 15  4 21  0  5  c 14 1b 22 18
   36: 16  1 15  4 21  0  5 18 14  c 22 1b
   37: 16  1 15  4 21  0 1b  c 14  5 22 18
   38: 16  1 15  4 21  5  0  c 14 1b 22 18
   39: 16  1 15  4 21  5  0 18 14  c 22 1b
   40: 16  1 15  4 21  5 1b  0 14  c 22 18
   41: 16  1 15  4 21  5 1b  c 14  0 22 18
   42: 16  1 15  4 21  5 1b 18 14  c 22  0
   43: 16  1 15  c  4  0  5 18 14 1b 22 21
   44: 16  1 15  c  4  0  5 21 14 1b 22 18
   45: 16  1 15  c  4  0 1b 18 14  5 22 21
   46: 16  1 15  c  4  0 1b 21 14  5 22 18
   47: 16  1 15  c  4  5  0 18 14 1b 22 21
   48: 16  1 15  c  4  5  0 21 14 1b 22 18
   49: 16  1 15  c  4  5 1b 18 14  0 22 21
   50: 16  1 15  c  4  5 1b 21 14  0 22 18
   51: 16  1 15  c 14  0  5 18  4 1b 22 21
   52: 16  1 15  c 14  0  5 21  4 1b 22 18
   53: 16  1 15  c 14  0 1b 18  4  5 22 21
   54: 16  1 15  c 14  0 1b 21  4  5 22 18
   55: 16  1 15  c 14  5  0 18  4 1b 22 21
   56: 16  1 15  c 14  5  0 21  4 1b 22 18
   57: 16  1 15  c 14  5 1b 18  4  0 22 21
   58: 16  1 15  c 14  5 1b 21  4  0 22 18
   59: 16  1 15  c 21  0  5 14  4 1b 22 18
   60: 16  1 15  c 21  0  5 18  4 14 22 1b
   61: 16  1 15  c 21  0  5 18 14  4 22 1b
   62: 16  1 15  c 21  0 1b 14  4  5 22 18
   63: 16  1 15  c 21  4  0 18 14  5 22 1b
   64: 16  1 15  c 21  4  5  0 14 1b 22 18
   65: 16  1 15  c 21  4  5 18 14  0 22 1b
   66: 16  1 15  c 21  4  5 18 14 1b 22  0
   67: 16  1 15  c 21  4 1b  0 14  5 22 18
   68: 16  1 15  c 21  4 1b 18 14  5 22  0
   69: 16  1 15  c 21  5  0 14  4 1b 22 18
   70: 16  1 15  c 21  5  0 18  4 14 22 1b
   71: 16  1 15  c 21  5  0 18 14  4 22 1b
   72: 16  1 15  c 21  5 1b  0  4 14 22 18
   73: 16  1 15  c 21  5 1b  0 14  4 22 18
   74: 16  1 15  c 21  5 1b 14  4  0 22 18
   75: 16  1 15  c 21  5 1b 18  4 14 22  0
   76: 16  1 15  c 21  5 1b 18 14  4 22  0
   77: 16  1 15  c 21 14  0 18  4  5 22 1b
   78: 16  1 15  c 21 14  5  0  4 1b 22 18
   79: 16  1 15  c 21 14  5 18  4  0 22 1b
   80: 16  1 15  c 21 14  5 18  4 1b 22  0
   81: 16  1 15  c 21 14 1b  0  4  5 22 18
   82: 16  1 15  c 21 14 1b 18  4  5 22  0
   83: 16  1 15 18  4  0  5  c 14 1b 22 21
   84: 16  1 15 18  4  0  5 21 14  c 22 1b
   85: 16  1 15 18  4  0 1b  c 14  5 22 21
   86: 16  1 15 18  4  5  0  c 14 1b 22 21
   87: 16  1 15 18  4  5  0 21 14  c 22 1b
   88: 16  1 15 18  4  5 1b  0 14  c 22 21
   89: 16  1 15 18  4  5 1b  c 14  0 22 21
   90: 16  1 15 18  4  5 1b 21 14  c 22  0
   91: 16  1 15 18 14  0  5  c  4 1b 22 21
   92: 16  1 15 18 14  0  5 21  4  c 22 1b
   93: 16  1 15 18 14  0 1b  c  4  5 22 21
   94: 16  1 15 18 14  5  0  c  4 1b 22 21
   95: 16  1 15 18 14  5  0 21  4  c 22 1b
   96: 16  1 15 18 14  5 1b  0  4  c 22 21
   97: 16  1 15 18 14  5 1b  c  4  0 22 21
   98: 16  1 15 18 14  5 1b 21  4  c 22  0
   99: 16  1 15 18 21  0  5  c  4 14 22 1b
  100: 16  1 15 18 21  0  5  c 14  4 22 1b
  101: 16  1 15 18 21  0  5 14  4  c 22 1b
  102: 16  1 15 18 21  4  0  c 14  5 22 1b
  103: 16  1 15 18 21  4  5  0 14  c 22 1b
  104: 16  1 15 18 21  4  5  c 14  0 22 1b
  105: 16  1 15 18 21  4  5  c 14 1b 22  0
  106: 16  1 15 18 21  4 1b  c 14  5 22  0
  107: 16  1 15 18 21  5  0  c  4 14 22 1b
  108: 16  1 15 18 21  5  0  c 14  4 22 1b
  109: 16  1 15 18 21  5  0 14  4  c 22 1b
  110: 16  1 15 18 21  5 1b  c  4 14 22  0
  111: 16  1 15 18 21  5 1b  c 14  4 22  0
  112: 16  1 15 18 21  5 1b 14  4  c 22  0
  113: 16  1 15 18 21 14  0  c  4  5 22 1b
  114: 16  1 15 18 21 14  5  0  4  c 22 1b
  115: 16  1 15 18 21 14  5  c  4  0 22 1b
  116: 16  1 15 18 21 14  5  c  4 1b 22  0
  117: 16  1 15 18 21 14 1b  c  4  5 22  0
  118: 16  1 15 21  4  0  5  c 14 1b 22 18
  119: 16  1 15 21  4  0  5 18 14  c 22 1b
  120: 16  1 15 21  4  0 1b  c 14  5 22 18
  121: 16  1 15 21  4  5  0  c 14 1b 22 18
  122: 16  1 15 21  4  5  0 18 14  c 22 1b
  123: 16  1 15 21  4  5 1b  0 14  c 22 18
  124: 16  1 15 21  4  5 1b  c 14  0 22 18
  125: 16  1 15 21  4  5 1b 18 14  c 22  0
  126: 16  1 15 21 14  0  5  c  4 1b 22 18
  127: 16  1 15 21 14  0  5 18  4  c 22 1b
  128: 16  1 15 21 14  0 1b  c  4  5 22 18
  129: 16  1 15 21 14  5  0  c  4 1b 22 18
  130: 16  1 15 21 14  5  0 18  4  c 22 1b
  131: 16  1 15 21 14  5 1b  0  4  c 22 18
  132: 16  1 15 21 14  5 1b  c  4  0 22 18
  133: 16  1 15 21 14  5 1b 18  4  c 22  0
  134: 16  4 15  0  1  5 1b 18 14  c 22 21
  135: 16  4 15  0  1  5 1b 21 14  c 22 18
  136: 16  4 15  c  1  0  5 18 14 1b 22 21
  137: 16  4 15  c  1  0  5 21 14 1b 22 18
  138: 16  4 15  c  1  0 1b 18 14  5 22 21
  139: 16  4 15  c  1  0 1b 21 14  5 22 18
  140: 16  4 15  c  1  5  0 18 14 1b 22 21
  141: 16  4 15  c  1  5  0 21 14 1b 22 18
  142: 16  4 15  c  1  5 1b 18 14  0 22 21
  143: 16  4 15  c  1  5 1b 21 14  0 22 18
  144: 16  4 15 18  1  0  5  c 14 1b 22 21
  145: 16  4 15 18  1  0  5 21 14  c 22 1b
  146: 16  4 15 18  1  0 1b  c 14  5 22 21
  147: 16  4 15 18  1  5  0  c 14 1b 22 21
  148: 16  4 15 18  1  5  0 21 14  c 22 1b
  149: 16  4 15 18  1  5 1b  0 14  c 22 21
  150: 16  4 15 18  1  5 1b  c 14  0 22 21
  151: 16  4 15 18  1  5 1b 21 14  c 22  0
  152: 16  4 15 21  1  0  5  c 14 1b 22 18
  153: 16  4 15 21  1  0  5 18 14  c 22 1b
  154: 16  4 15 21  1  0 1b  c 14  5 22 18
  155: 16  4 15 21  1  5  0  c 14 1b 22 18
  156: 16  4 15 21  1  5  0 18 14  c 22 1b
  157: 16  4 15 21  1  5 1b  0 14  c 22 18
  158: 16  4 15 21  1  5 1b  c 14  0 22 18
  159: 16  4 15 21  1  5 1b 18 14  c 22  0
  160: 16  5 14  0  1 15 1b 18  4  c 22 21
  161: 16  5 14  0  1 15 1b 21  4  c 22 18
  162: 16  5 14  c  1 15  0 18  4 1b 22 21
  163: 16  5 14  c  1 15  0 21  4 1b 22 18
  164: 16  5 14  c  1 15 1b 18  4  0 22 21
  165: 16  5 14  c  1 15 1b 21  4  0 22 18
  166: 16  5 14 18  1  0 1b 15  4  c 22 21
  167: 16  5 14 18  1 15  0  c  4 1b 22 21
  168: 16  5 14 18  1 15  0 21  4  c 22 1b
  169: 16  5 14 18  1 15 1b  0  4  c 22 21
  170: 16  5 14 18  1 15 1b  c  4  0 22 21
  171: 16  5 14 18  1 15 1b 21  4  c 22  0
  172: 16  5 14 21  1  0 1b 15  4  c 22 18
  173: 16  5 14 21  1 15  0  c  4 1b 22 18
  174: 16  5 14 21  1 15  0 18  4  c 22 1b
  175: 16  5 14 21  1 15 1b  0  4  c 22 18
  176: 16  5 14 21  1 15 1b  c  4  0 22 18
  177: 16  5 14 21  1 15 1b 18  4  c 22  0
  178: 16  5 15  0  1  4 1b 18 14  c 22 21
  179: 16  5 15  0  1  4 1b 21 14  c 22 18
  180: 16  5 15  0  1 14 1b 18  4  c 22 21
  181: 16  5 15  0  1 14 1b 21  4  c 22 18
  182: 16  5 15  4  1  0 1b 18 14  c 22 21
  183: 16  5 15  4  1  0 1b 21 14  c 22 18
  184: 16  5 15  c  1  0 1b 18  4 14 22 21
  185: 16  5 15  c  1  0 1b 18 14  4 22 21
  186: 16  5 15  c  1  0 1b 21  4 14 22 18
  187: 16  5 15  c  1  0 1b 21 14  4 22 18
  188: 16  5 15  c  1  4  0 18 14 1b 22 21
  189: 16  5 15  c  1  4  0 21 14 1b 22 18
  190: 16  5 15  c  1  4 1b 18 14  0 22 21
  191: 16  5 15  c  1  4 1b 21 14  0 22 18
  192: 16  5 15  c  1 14  0 18  4 1b 22 21
  193: 16  5 15  c  1 14  0 21  4 1b 22 18
  194: 16  5 15  c  1 14 1b 18  4  0 22 21
  195: 16  5 15  c  1 14 1b 21  4  0 22 18
  196: 16  5 15 18  1  0 1b  c  4 14 22 21
  197: 16  5 15 18  1  0 1b  c 14  4 22 21
  198: 16  5 15 18  1  0 1b 14  4  c 22 21
  199: 16  5 15 18  1  4  0  c 14 1b 22 21
  200: 16  5 15 18  1  4  0 21 14  c 22 1b
  201: 16  5 15 18  1  4 1b  0 14  c 22 21
  202: 16  5 15 18  1  4 1b  c 14  0 22 21
  203: 16  5 15 18  1  4 1b 21 14  c 22  0
  204: 16  5 15 18  1 14  0  c  4 1b 22 21
  205: 16  5 15 18  1 14  0 21  4  c 22 1b
  206: 16  5 15 18  1 14 1b  0  4  c 22 21
  207: 16  5 15 18  1 14 1b  c  4  0 22 21
  208: 16  5 15 18  1 14 1b 21  4  c 22  0
  209: 16  5 15 21  1  0 1b  c  4 14 22 18
  210: 16  5 15 21  1  0 1b  c 14  4 22 18
  211: 16  5 15 21  1  0 1b 14  4  c 22 18
  212: 16  5 15 21  1  4  0  c 14 1b 22 18
  213: 16  5 15 21  1  4  0 18 14  c 22 1b
  214: 16  5 15 21  1  4 1b  0 14  c 22 18
  215: 16  5 15 21  1  4 1b  c 14  0 22 18
  216: 16  5 15 21  1  4 1b 18 14  c 22  0
  217: 16  5 15 21  1 14  0  c  4 1b 22 18
  218: 16  5 15 21  1 14  0 18  4  c 22 1b
  219: 16  5 15 21  1 14 1b  0  4  c 22 18
  220: 16  5 15 21  1 14 1b  c  4  0 22 18
  221: 16  5 15 21  1 14 1b 18  4  c 22  0
  222: 16 14 15  0  1  5 1b 18  4  c 22 21
  223: 16 14 15  0  1  5 1b 21  4  c 22 18
  224: 16 14 15  c  1  0  5 18  4 1b 22 21
  225: 16 14 15  c  1  0  5 21  4 1b 22 18
  226: 16 14 15  c  1  0 1b 18  4  5 22 21
  227: 16 14 15  c  1  0 1b 21  4  5 22 18
  228: 16 14 15  c  1  5  0 18  4 1b 22 21
  229: 16 14 15  c  1  5  0 21  4 1b 22 18
  230: 16 14 15  c  1  5 1b 18  4  0 22 21
  231: 16 14 15  c  1  5 1b 21  4  0 22 18
  232: 16 14 15 18  1  0  5  c  4 1b 22 21
  233: 16 14 15 18  1  0  5 21  4  c 22 1b
  234: 16 14 15 18  1  0 1b  c  4  5 22 21
  235: 16 14 15 18  1  5  0  c  4 1b 22 21
  236: 16 14 15 18  1  5  0 21  4  c 22 1b
  237: 16 14 15 18  1  5 1b  0  4  c 22 21
  238: 16 14 15 18  1  5 1b  c  4  0 22 21
  239: 16 14 15 18  1  5 1b 21  4  c 22  0
  240: 16 14 15 21  1  0  5  c  4 1b 22 18
  241: 16 14 15 21  1  0  5 18  4  c 22 1b
  242: 16 14 15 21  1  0 1b  c  4  5 22 18
  243: 16 14 15 21  1  5  0  c  4 1b 22 18
  244: 16 14 15 21  1  5  0 18  4  c 22 1b
  245: 16 14 15 21  1  5 1b  0  4  c 22 18
  246: 16 14 15 21  1  5 1b  c  4  0 22 18
  247: 16 14 15 21  1  5 1b 18  4  c 22  0
  248: 21  1 14  0  4  5 1b 15 16  c 22 18
  249: 21  1 14  0  4 15  5  c 16 1b 22 18
  250: 21  1 14  0  4 15  5 18 16  c 22 1b
  251: 21  1 14  0  4 15 1b  c 16  5 22 18
  252: 21  1 14  c  4  0  5 15 16 1b 22 18
  253: 21  1 14  c  4  0 1b 15 16  5 22 18
  254: 21  1 14  c  4  5  0 15 16 1b 22 18
  255: 21  1 14  c  4  5 1b 15 16  0 22 18
  256: 21  1 14  c  4 15  0 18 16  5 22 1b
  257: 21  1 14  c  4 15  5  0 16 1b 22 18
  258: 21  1 14  c  4 15  5 18 16  0 22 1b
  259: 21  1 14  c  4 15  5 18 16 1b 22  0
  260: 21  1 14  c  4 15 1b  0 16  5 22 18
  261: 21  1 14  c  4 15 1b 18 16  5 22  0
  262: 21  1 14 18  4  0  5 15 16  c 22 1b
  263: 21  1 14 18  4  5  0 15 16  c 22 1b
  264: 21  1 14 18  4  5 1b 15 16  c 22  0
  265: 21  1 14 18  4 15  0  c 16  5 22 1b
  266: 21  1 14 18  4 15  5  0 16  c 22 1b
  267: 21  1 14 18  4 15  5  c 16  0 22 1b
  268: 21  1 14 18  4 15  5  c 16 1b 22  0
  269: 21  1 14 18  4 15 1b  c 16  5 22  0
  270: 21  1 15  0  4  5 16  c 14 1b 22 18
  271: 21  1 15  0  4  5 16 18 14  c 22 1b
  272: 21  1 15  0  4  5 1b  c 16 14 22 18
  273: 21  1 15  0  4  5 1b 14 16  c 22 18
  274: 21  1 15  0  4 14  5  c 16 1b 22 18
  275: 21  1 15  0  4 14  5 18 16  c 22 1b
  276: 21  1 15  0  4 14 1b  c 16  5 22 18
  277: 21  1 15  0  4 16  5  c 14 1b 22 18
  278: 21  1 15  0  4 16  5 18 14  c 22 1b
  279: 21  1 15  0  4 16 1b  c 14  5 22 18
  280: 21  1 15  0 14  4  5  c 16 1b 22 18
  281: 21  1 15  0 14  4  5 18 16  c 22 1b
  282: 21  1 15  0 14  4 1b  c 16  5 22 18
  283: 21  1 15  0 14  5 16  c  4 1b 22 18
  284: 21  1 15  0 14  5 16 18  4  c 22 1b
  285: 21  1 15  0 14  5 1b  c 16  4 22 18
  286: 21  1 15  0 14 16  5  c  4 1b 22 18
  287: 21  1 15  0 14 16  5 18  4  c 22 1b
  288: 21  1 15  0 14 16 1b  c  4  5 22 18
  289: 21  1 15  4 14  0  5  c 16 1b 22 18
  290: 21  1 15  4 14  0  5 18 16  c 22 1b
  291: 21  1 15  4 14  0 1b  c 16  5 22 18
  292: 21  1 15  4 14  5  0  c 16 1b 22 18
  293: 21  1 15  4 14  5  0 18 16  c 22 1b
  294: 21  1 15  4 14  5 1b  0 16  c 22 18
  295: 21  1 15  4 14  5 1b  c 16  0 22 18
  296: 21  1 15  4 14  5 1b 18 16  c 22  0
  297: 21  1 15  c  4  0  5 14 16 1b 22 18
  298: 21  1 15  c  4  0  5 18 16 14 22 1b
  299: 21  1 15  c  4  0 16 18 14  5 22 1b
  300: 21  1 15  c  4  0 1b 14 16  5 22 18
  301: 21  1 15  c  4  5  0 14 16 1b 22 18
  302: 21  1 15  c  4  5  0 18 16 14 22 1b
  303: 21  1 15  c  4  5 16  0 14 1b 22 18
  304: 21  1 15  c  4  5 16 18 14  0 22 1b
  305: 21  1 15  c  4  5 16 18 14 1b 22  0
  306: 21  1 15  c  4  5 1b  0 16 14 22 18
  307: 21  1 15  c  4  5 1b 14 16  0 22 18
  308: 21  1 15  c  4  5 1b 18 16 14 22  0
  309: 21  1 15  c  4 14  0 18 16  5 22 1b
  310: 21  1 15  c  4 14  5  0 16 1b 22 18
  311: 21  1 15  c  4 14  5 18 16  0 22 1b
  312: 21  1 15  c  4 14  5 18 16 1b 22  0
  313: 21  1 15  c  4 14 1b  0 16  5 22 18
  314: 21  1 15  c  4 14 1b 18 16  5 22  0
  315: 21  1 15  c  4 16  0 18 14  5 22 1b
  316: 21  1 15  c  4 16  5  0 14 1b 22 18
  317: 21  1 15  c  4 16  5 18 14  0 22 1b
  318: 21  1 15  c  4 16  5 18 14 1b 22  0
  319: 21  1 15  c  4 16 1b  0 14  5 22 18
  320: 21  1 15  c  4 16 1b 18 14  5 22  0
  321: 21  1 15  c 14  0  5 18 16  4 22 1b
  322: 21  1 15  c 14  0 16 18  4  5 22 1b
  323: 21  1 15  c 14  4  0 18 16  5 22 1b
  324: 21  1 15  c 14  4  5  0 16 1b 22 18
  325: 21  1 15  c 14  4  5 18 16  0 22 1b
  326: 21  1 15  c 14  4  5 18 16 1b 22  0
  327: 21  1 15  c 14  4 1b  0 16  5 22 18
  328: 21  1 15  c 14  4 1b 18 16  5 22  0
  329: 21  1 15  c 14  5  0 18 16  4 22 1b
  330: 21  1 15  c 14  5 16  0  4 1b 22 18
  331: 21  1 15  c 14  5 16 18  4  0 22 1b
  332: 21  1 15  c 14  5 16 18  4 1b 22  0
  333: 21  1 15  c 14  5 1b  0 16  4 22 18
  334: 21  1 15  c 14  5 1b 18 16  4 22  0
  335: 21  1 15  c 14 16  0 18  4  5 22 1b
  336: 21  1 15  c 14 16  5  0  4 1b 22 18
  337: 21  1 15  c 14 16  5 18  4  0 22 1b
  338: 21  1 15  c 14 16  5 18  4 1b 22  0
  339: 21  1 15  c 14 16 1b  0  4  5 22 18
  340: 21  1 15  c 14 16 1b 18  4  5 22  0
  341: 21  1 15 16  4  0  5  c 14 1b 22 18
  342: 21  1 15 16  4  0  5 18 14  c 22 1b
  343: 21  1 15 16  4  0 1b  c 14  5 22 18
  344: 21  1 15 16  4  5  0  c 14 1b 22 18
  345: 21  1 15 16  4  5  0 18 14  c 22 1b
  346: 21  1 15 16  4  5 1b  0 14  c 22 18
  347: 21  1 15 16  4  5 1b  c 14  0 22 18
  348: 21  1 15 16  4  5 1b 18 14  c 22  0
  349: 21  1 15 16 14  0  5  c  4 1b 22 18
  350: 21  1 15 16 14  0  5 18  4  c 22 1b
  351: 21  1 15 16 14  0 1b  c  4  5 22 18
  352: 21  1 15 16 14  5  0  c  4 1b 22 18
  353: 21  1 15 16 14  5  0 18  4  c 22 1b
  354: 21  1 15 16 14  5 1b  0  4  c 22 18
  355: 21  1 15 16 14  5 1b  c  4  0 22 18
  356: 21  1 15 16 14  5 1b 18  4  c 22  0
  357: 21  1 15 18  4  0  5  c 16 14 22 1b
  358: 21  1 15 18  4  0  5 14 16  c 22 1b
  359: 21  1 15 18  4  0 16  c 14  5 22 1b
  360: 21  1 15 18  4  5  0  c 16 14 22 1b
  361: 21  1 15 18  4  5  0 14 16  c 22 1b
  362: 21  1 15 18  4  5 16  0 14  c 22 1b
  363: 21  1 15 18  4  5 16  c 14  0 22 1b
  364: 21  1 15 18  4  5 16  c 14 1b 22  0
  365: 21  1 15 18  4  5 1b  c 16 14 22  0
  366: 21  1 15 18  4  5 1b 14 16  c 22  0
  367: 21  1 15 18  4 14  0  c 16  5 22 1b
  368: 21  1 15 18  4 14  5  0 16  c 22 1b
  369: 21  1 15 18  4 14  5  c 16  0 22 1b
  370: 21  1 15 18  4 14  5  c 16 1b 22  0
  371: 21  1 15 18  4 14 1b  c 16  5 22  0
  372: 21  1 15 18  4 16  0  c 14  5 22 1b
  373: 21  1 15 18  4 16  5  0 14  c 22 1b
  374: 21  1 15 18  4 16  5  c 14  0 22 1b
  375: 21  1 15 18  4 16  5  c 14 1b 22  0
  376: 21  1 15 18  4 16 1b  c 14  5 22  0
  377: 21  1 15 18 14  0  5  c 16  4 22 1b
  378: 21  1 15 18 14  0 16  c  4  5 22 1b
  379: 21  1 15 18 14  4  0  c 16  5 22 1b
  380: 21  1 15 18 14  4  5  0 16  c 22 1b
  381: 21  1 15 18 14  4  5  c 16  0 22 1b
  382: 21  1 15 18 14  4  5  c 16 1b 22  0
  383: 21  1 15 18 14  4 1b  c 16  5 22  0
  384: 21  1 15 18 14  5  0  c 16  4 22 1b
  385: 21  1 15 18 14  5 16  0  4  c 22 1b
  386: 21  1 15 18 14  5 16  c  4  0 22 1b
  387: 21  1 15 18 14  5 16  c  4 1b 22  0
  388: 21  1 15 18 14  5 1b  c 16  4 22  0
  389: 21  1 15 18 14 16  0  c  4  5 22 1b
  390: 21  1 15 18 14 16  5  0  4  c 22 1b
  391: 21  1 15 18 14 16  5  c  4  0 22 1b
  392: 21  1 15 18 14 16  5  c  4 1b 22  0
  393: 21  1 15 18 14 16 1b  c  4  5 22  0
  394: 21  1 16  0  4  5 1b 15 14  c 22 18
  395: 21  1 16  0  4 15  5  c 14 1b 22 18
  396: 21  1 16  0  4 15  5 18 14  c 22 1b
  397: 21  1 16  0  4 15 1b  c 14  5 22 18
  398: 21  1 16  0 14  5 1b 15  4  c 22 18
  399: 21  1 16  0 14 15  5  c  4 1b 22 18
  400: 21  1 16  0 14 15  5 18  4  c 22 1b
  401: 21  1 16  0 14 15 1b  c  4  5 22 18
  402: 21  1 16  c  4  0  5 15 14 1b 22 18
  403: 21  1 16  c  4  0 1b 15 14  5 22 18
  404: 21  1 16  c  4  5  0 15 14 1b 22 18
  405: 21  1 16  c  4  5 1b 15 14  0 22 18
  406: 21  1 16  c  4 15  0 18 14  5 22 1b
  407: 21  1 16  c  4 15  5  0 14 1b 22 18
  408: 21  1 16  c  4 15  5 18 14  0 22 1b
  409: 21  1 16  c  4 15  5 18 14 1b 22  0
  410: 21  1 16  c  4 15 1b  0 14  5 22 18
  411: 21  1 16  c  4 15 1b 18 14  5 22  0
  412: 21  1 16  c 14  0  5 15  4 1b 22 18
  413: 21  1 16  c 14  0 1b 15  4  5 22 18
  414: 21  1 16  c 14  5  0 15  4 1b 22 18
  415: 21  1 16  c 14  5 1b 15  4  0 22 18
  416: 21  1 16  c 14 15  0 18  4  5 22 1b
  417: 21  1 16  c 14 15  5  0  4 1b 22 18
  418: 21  1 16  c 14 15  5 18  4  0 22 1b
  419: 21  1 16  c 14 15  5 18  4 1b 22  0
  420: 21  1 16  c 14 15 1b  0  4  5 22 18
  421: 21  1 16  c 14 15 1b 18  4  5 22  0
  422: 21  1 16 18  4  0  5 15 14  c 22 1b
  423: 21  1 16 18  4  5  0 15 14  c 22 1b
  424: 21  1 16 18  4  5 1b 15 14  c 22  0
  425: 21  1 16 18  4 15  0  c 14  5 22 1b
  426: 21  1 16 18  4 15  5  0 14  c 22 1b
  427: 21  1 16 18  4 15  5  c 14  0 22 1b
  428: 21  1 16 18  4 15  5  c 14 1b 22  0
  429: 21  1 16 18  4 15 1b  c 14  5 22  0
  430: 21  1 16 18 14  0  5 15  4  c 22 1b
  431: 21  1 16 18 14  5  0 15  4  c 22 1b
  432: 21  1 16 18 14  5 1b 15  4  c 22  0
  433: 21  1 16 18 14 15  0  c  4  5 22 1b
  434: 21  1 16 18 14 15  5  0  4  c 22 1b
  435: 21  1 16 18 14 15  5  c  4  0 22 1b
  436: 21  1 16 18 14 15  5  c  4 1b 22  0
  437: 21  1 16 18 14 15 1b  c  4  5 22  0
  438: 21  4 14  0  1  5 1b 15 16  c 22 18
  439: 21  4 14  0  1 15  5  c 16 1b 22 18
  440: 21  4 14  0  1 15  5 18 16  c 22 1b
  441: 21  4 14  0  1 15 1b  c 16  5 22 18
  442: 21  4 14  c  1  0  5 15 16 1b 22 18
  443: 21  4 14  c  1  0 1b 15 16  5 22 18
  444: 21  4 14  c  1  5  0 15 16 1b 22 18
  445: 21  4 14  c  1  5 1b 15 16  0 22 18
  446: 21  4 14  c  1 15  0 18 16  5 22 1b
  447: 21  4 14  c  1 15  5  0 16 1b 22 18
  448: 21  4 14  c  1 15  5 18 16  0 22 1b
  449: 21  4 14  c  1 15  5 18 16 1b 22  0
  450: 21  4 14  c  1 15 1b  0 16  5 22 18
  451: 21  4 14  c  1 15 1b 18 16  5 22  0
  452: 21  4 14 18  1  0  5 15 16  c 22 1b
  453: 21  4 14 18  1  5  0 15 16  c 22 1b
  454: 21  4 14 18  1  5 1b 15 16  c 22  0
  455: 21  4 14 18  1 15  0  c 16  5 22 1b
  456: 21  4 14 18  1 15  5  0 16  c 22 1b
  457: 21  4 14 18  1 15  5  c 16  0 22 1b
  458: 21  4 14 18  1 15  5  c 16 1b 22  0
  459: 21  4 14 18  1 15 1b  c 16  5 22  0
  460: 21  4 15  0  1  5 16  c 14 1b 22 18
  461: 21  4 15  0  1  5 16 18 14  c 22 1b
  462: 21  4 15  0  1  5 1b  c 16 14 22 18
  463: 21  4 15  0  1  5 1b 14 16  c 22 18
  464: 21  4 15  0  1 14  5  c 16 1b 22 18
  465: 21  4 15  0  1 14  5 18 16  c 22 1b
  466: 21  4 15  0  1 14 1b  c 16  5 22 18
  467: 21  4 15  0  1 16  5  c 14 1b 22 18
  468: 21  4 15  0  1 16  5 18 14  c 22 1b
  469: 21  4 15  0  1 16 1b  c 14  5 22 18
  470: 21  4 15  c  1  0  5 14 16 1b 22 18
  471: 21  4 15  c  1  0  5 18 16 14 22 1b
  472: 21  4 15  c  1  0 16 18 14  5 22 1b
  473: 21  4 15  c  1  0 1b 14 16  5 22 18
  474: 21  4 15  c  1  5  0 14 16 1b 22 18
  475: 21  4 15  c  1  5  0 18 16 14 22 1b
  476: 21  4 15  c  1  5 16  0 14 1b 22 18
  477: 21  4 15  c  1  5 16 18 14  0 22 1b
  478: 21  4 15  c  1  5 16 18 14 1b 22  0
  479: 21  4 15  c  1  5 1b  0 16 14 22 18
  480: 21  4 15  c  1  5 1b 14 16  0 22 18
  481: 21  4 15  c  1  5 1b 18 16 14 22  0
  482: 21  4 15  c  1 14  0 18 16  5 22 1b
  483: 21  4 15  c  1 14  5  0 16 1b 22 18
  484: 21  4 15  c  1 14  5 18 16  0 22 1b
  485: 21  4 15  c  1 14  5 18 16 1b 22  0
  486: 21  4 15  c  1 14 1b  0 16  5 22 18
  487: 21  4 15  c  1 14 1b 18 16  5 22  0
  488: 21  4 15  c  1 16  0 18 14  5 22 1b
  489: 21  4 15  c  1 16  5  0 14 1b 22 18
  490: 21  4 15  c  1 16  5 18 14  0 22 1b
  491: 21  4 15  c  1 16  5 18 14 1b 22  0
  492: 21  4 15  c  1 16 1b  0 14  5 22 18
  493: 21  4 15  c  1 16 1b 18 14  5 22  0
  494: 21  4 15 16  1  0  5  c 14 1b 22 18
  495: 21  4 15 16  1  0  5 18 14  c 22 1b
  496: 21  4 15 16  1  0 1b  c 14  5 22 18
  497: 21  4 15 16  1  5  0  c 14 1b 22 18
  498: 21  4 15 16  1  5  0 18 14  c 22 1b
  499: 21  4 15 16  1  5 1b  0 14  c 22 18
  500: 21  4 15 16  1  5 1b  c 14  0 22 18
  501: 21  4 15 16  1  5 1b 18 14  c 22  0
  502: 21  4 15 18  1  0  5  c 16 14 22 1b
  503: 21  4 15 18  1  0  5 14 16  c 22 1b
  504: 21  4 15 18  1  0 16  c 14  5 22 1b
  505: 21  4 15 18  1  5  0  c 16 14 22 1b
  506: 21  4 15 18  1  5  0 14 16  c 22 1b
  507: 21  4 15 18  1  5 16  0 14  c 22 1b
  508: 21  4 15 18  1  5 16  c 14  0 22 1b
  509: 21  4 15 18  1  5 16  c 14 1b 22  0
  510: 21  4 15 18  1  5 1b  c 16 14 22  0
  511: 21  4 15 18  1  5 1b 14 16  c 22  0
  512: 21  4 15 18  1 14  0  c 16  5 22 1b
  513: 21  4 15 18  1 14  5  0 16  c 22 1b
  514: 21  4 15 18  1 14  5  c 16  0 22 1b
  515: 21  4 15 18  1 14  5  c 16 1b 22  0
  516: 21  4 15 18  1 14 1b  c 16  5 22  0
  517: 21  4 15 18  1 16  0  c 14  5 22 1b
  518: 21  4 15 18  1 16  5  0 14  c 22 1b
  519: 21  4 15 18  1 16  5  c 14  0 22 1b
  520: 21  4 15 18  1 16  5  c 14 1b 22  0
  521: 21  4 15 18  1 16 1b  c 14  5 22  0
  522: 21  4 16  0  1  5 1b 15 14  c 22 18
  523: 21  4 16  0  1 15  5  c 14 1b 22 18
  524: 21  4 16  0  1 15  5 18 14  c 22 1b
  525: 21  4 16  0  1 15 1b  c 14  5 22 18
  526: 21  4 16  c  1  0  5 15 14 1b 22 18
  527: 21  4 16  c  1  0 1b 15 14  5 22 18
  528: 21  4 16  c  1  5  0 15 14 1b 22 18
  529: 21  4 16  c  1  5 1b 15 14  0 22 18
  530: 21  4 16  c  1 15  0 18 14  5 22 1b
  531: 21  4 16  c  1 15  5  0 14 1b 22 18
  532: 21  4 16  c  1 15  5 18 14  0 22 1b
  533: 21  4 16  c  1 15  5 18 14 1b 22  0
  534: 21  4 16  c  1 15 1b  0 14  5 22 18
  535: 21  4 16  c  1 15 1b 18 14  5 22  0
  536: 21  4 16 18  1  0  5 15 14  c 22 1b
  537: 21  4 16 18  1  5  0 15 14  c 22 1b
  538: 21  4 16 18  1  5 1b 15 14  c 22  0
  539: 21  4 16 18  1 15  0  c 14  5 22 1b
  540: 21  4 16 18  1 15  5  0 14  c 22 1b
  541: 21  4 16 18  1 15  5  c 14  0 22 1b
  542: 21  4 16 18  1 15  5  c 14 1b 22  0
  543: 21  4 16 18  1 15 1b  c 14  5 22  0
  544: 21  5 14  0  1  4 1b 15 16  c 22 18
  545: 21  5 14  0  1 15 16  c  4 1b 22 18
  546: 21  5 14  0  1 15 16 18  4  c 22 1b
  547: 21  5 14  0  1 15 1b  c 16  4 22 18
  548: 21  5 14  0  1 16 1b 15  4  c 22 18
  549: 21  5 14  4  1  0 1b 15 16  c 22 18
  550: 21  5 14  4  1 15  0  c 16 1b 22 18
  551: 21  5 14  4  1 15  0 18 16  c 22 1b
  552: 21  5 14  4  1 15 1b  0 16  c 22 18
  553: 21  5 14  4  1 15 1b  c 16  0 22 18
  554: 21  5 14  4  1 15 1b 18 16  c 22  0
  555: 21  5 14  c  1  0 16 15  4 1b 22 18
  556: 21  5 14  c  1  0 1b 15 16  4 22 18
  557: 21  5 14  c  1  4  0 15 16 1b 22 18
  558: 21  5 14  c  1  4 1b 15 16  0 22 18
  559: 21  5 14  c  1 15  0 18 16  4 22 1b
  560: 21  5 14  c  1 15 16  0  4 1b 22 18
  561: 21  5 14  c  1 15 16 18  4  0 22 1b
  562: 21  5 14  c  1 15 16 18  4 1b 22  0
  563: 21  5 14  c  1 15 1b  0 16  4 22 18
  564: 21  5 14  c  1 15 1b 18 16  4 22  0
  565: 21  5 14  c  1 16  0 15  4 1b 22 18
  566: 21  5 14  c  1 16 1b 15  4  0 22 18
  567: 21  5 14 16  1  0 1b 15  4  c 22 18
  568: 21  5 14 16  1 15  0  c  4 1b 22 18
  569: 21  5 14 16  1 15  0 18  4  c 22 1b
  570: 21  5 14 16  1 15 1b  0  4  c 22 18
  571: 21  5 14 16  1 15 1b  c  4  0 22 18
  572: 21  5 14 16  1 15 1b 18  4  c 22  0
  573: 21  5 14 18  1  0 16 15  4  c 22 1b
  574: 21  5 14 18  1  4  0 15 16  c 22 1b
  575: 21  5 14 18  1  4 1b 15 16  c 22  0
  576: 21  5 14 18  1 15  0  c 16  4 22 1b
  577: 21  5 14 18  1 15 16  0  4  c 22 1b
  578: 21  5 14 18  1 15 16  c  4  0 22 1b
  579: 21  5 14 18  1 15 16  c  4 1b 22  0
  580: 21  5 14 18  1 15 1b  c 16  4 22  0
  581: 21  5 14 18  1 16  0 15  4  c 22 1b
  582: 21  5 14 18  1 16 1b 15  4  c 22  0
  583: 21  5 15  0  1  4 16  c 14 1b 22 18
  584: 21  5 15  0  1  4 16 18 14  c 22 1b
  585: 21  5 15  0  1  4 1b  c 16 14 22 18
  586: 21  5 15  0  1  4 1b 14 16  c 22 18
  587: 21  5 15  0  1 14 16  c  4 1b 22 18
  588: 21  5 15  0  1 14 16 18  4  c 22 1b
  589: 21  5 15  0  1 14 1b  c 16  4 22 18
  590: 21  5 15  0  1 16 1b  c  4 14 22 18
  591: 21  5 15  0  1 16 1b  c 14  4 22 18
  592: 21  5 15  0  1 16 1b 14  4  c 22 18
  593: 21  5 15  4  1  0 16  c 14 1b 22 18
  594: 21  5 15  4  1  0 16 18 14  c 22 1b
  595: 21  5 15  4  1  0 1b  c 16 14 22 18
  596: 21  5 15  4  1  0 1b 14 16  c 22 18
  597: 21  5 15  4  1 14  0  c 16 1b 22 18
  598: 21  5 15  4  1 14  0 18 16  c 22 1b
  599: 21  5 15  4  1 14 1b  0 16  c 22 18
  600: 21  5 15  4  1 14 1b  c 16  0 22 18
  601: 21  5 15  4  1 14 1b 18 16  c 22  0
  602: 21  5 15  4  1 16  0  c 14 1b 22 18
  603: 21  5 15  4  1 16  0 18 14  c 22 1b
  604: 21  5 15  4  1 16 1b  0 14  c 22 18
  605: 21  5 15  4  1 16 1b  c 14  0 22 18
  606: 21  5 15  4  1 16 1b 18 14  c 22  0
  607: 21  5 15  c  1  0 16 14  4 1b 22 18
  608: 21  5 15  c  1  0 16 18  4 14 22 1b
  609: 21  5 15  c  1  0 16 18 14  4 22 1b
  610: 21  5 15  c  1  0 1b 14 16  4 22 18
  611: 21  5 15  c  1  4  0 14 16 1b 22 18
  612: 21  5 15  c  1  4  0 18 16 14 22 1b
  613: 21  5 15  c  1  4 16  0 14 1b 22 18
  614: 21  5 15  c  1  4 16 18 14  0 22 1b
  615: 21  5 15  c  1  4 16 18 14 1b 22  0
  616: 21  5 15  c  1  4 1b  0 16 14 22 18
  617: 21  5 15  c  1  4 1b 14 16  0 22 18
  618: 21  5 15  c  1  4 1b 18 16 14 22  0
  619: 21  5 15  c  1 14  0 18 16  4 22 1b
  620: 21  5 15  c  1 14 16  0  4 1b 22 18
  621: 21  5 15  c  1 14 16 18  4  0 22 1b
  622: 21  5 15  c  1 14 16 18  4 1b 22  0
  623: 21  5 15  c  1 14 1b  0 16  4 22 18
  624: 21  5 15  c  1 14 1b 18 16  4 22  0
  625: 21  5 15  c  1 16  0 14  4 1b 22 18
  626: 21  5 15  c  1 16  0 18  4 14 22 1b
  627: 21  5 15  c  1 16  0 18 14  4 22 1b
  628: 21  5 15  c  1 16 1b  0  4 14 22 18
  629: 21  5 15  c  1 16 1b  0 14  4 22 18
  630: 21  5 15  c  1 16 1b 14  4  0 22 18
  631: 21  5 15  c  1 16 1b 18  4 14 22  0
  632: 21  5 15  c  1 16 1b 18 14  4 22  0
  633: 21  5 15 16  1  0 1b  c  4 14 22 18
  634: 21  5 15 16  1  0 1b  c 14  4 22 18
  635: 21  5 15 16  1  0 1b 14  4  c 22 18
  636: 21  5 15 16  1  4  0  c 14 1b 22 18
  637: 21  5 15 16  1  4  0 18 14  c 22 1b
  638: 21  5 15 16  1  4 1b  0 14  c 22 18
  639: 21  5 15 16  1  4 1b  c 14  0 22 18
  640: 21  5 15 16  1  4 1b 18 14  c 22  0
  641: 21  5 15 16  1 14  0  c  4 1b 22 18
  642: 21  5 15 16  1 14  0 18  4  c 22 1b
  643: 21  5 15 16  1 14 1b  0  4  c 22 18
  644: 21  5 15 16  1 14 1b  c  4  0 22 18
  645: 21  5 15 16  1 14 1b 18  4  c 22  0
  646: 21  5 15 18  1  0 16  c  4 14 22 1b
  647: 21  5 15 18  1  0 16  c 14  4 22 1b
  648: 21  5 15 18  1  0 16 14  4  c 22 1b
  649: 21  5 15 18  1  4  0  c 16 14 22 1b
  650: 21  5 15 18  1  4  0 14 16  c 22 1b
  651: 21  5 15 18  1  4 16  0 14  c 22 1b
  652: 21  5 15 18  1  4 16  c 14  0 22 1b
  653: 21  5 15 18  1  4 16  c 14 1b 22  0
  654: 21  5 15 18  1  4 1b  c 16 14 22  0
  655: 21  5 15 18  1  4 1b 14 16  c 22  0
  656: 21  5 15 18  1 14  0  c 16  4 22 1b
  657: 21  5 15 18  1 14 16  0  4  c 22 1b
  658: 21  5 15 18  1 14 16  c  4  0 22 1b
  659: 21  5 15 18  1 14 16  c  4 1b 22  0
  660: 21  5 15 18  1 14 1b  c 16  4 22  0
  661: 21  5 15 18  1 16  0  c  4 14 22 1b
  662: 21  5 15 18  1 16  0  c 14  4 22 1b
  663: 21  5 15 18  1 16  0 14  4  c 22 1b
  664: 21  5 15 18  1 16 1b  c  4 14 22  0
  665: 21  5 15 18  1 16 1b  c 14  4 22  0
  666: 21  5 15 18  1 16 1b 14  4  c 22  0
  667: 21  5 16  0  1  4 1b 15 14  c 22 18
  668: 21  5 16  0  1 14 1b 15  4  c 22 18
  669: 21  5 16  0  1 15 1b  c  4 14 22 18
  670: 21  5 16  0  1 15 1b  c 14  4 22 18
  671: 21  5 16  0  1 15 1b 14  4  c 22 18
  672: 21  5 16  4  1  0 1b 15 14  c 22 18
  673: 21  5 16  4  1 15  0  c 14 1b 22 18
  674: 21  5 16  4  1 15  0 18 14  c 22 1b
  675: 21  5 16  4  1 15 1b  0 14  c 22 18
  676: 21  5 16  4  1 15 1b  c 14  0 22 18
  677: 21  5 16  4  1 15 1b 18 14  c 22  0
  678: 21  5 16  c  1  0 1b 15  4 14 22 18
  679: 21  5 16  c  1  0 1b 15 14  4 22 18
  680: 21  5 16  c  1  4  0 15 14 1b 22 18
  681: 21  5 16  c  1  4 1b 15 14  0 22 18
  682: 21  5 16  c  1 14  0 15  4 1b 22 18
  683: 21  5 16  c  1 14 1b 15  4  0 22 18
  684: 21  5 16  c  1 15  0 14  4 1b 22 18
  685: 21  5 16  c  1 15  0 18  4 14 22 1b
  686: 21  5 16  c  1 15  0 18 14  4 22 1b
  687: 21  5 16  c  1 15 1b  0  4 14 22 18
  688: 21  5 16  c  1 15 1b  0 14  4 22 18
  689: 21  5 16  c  1 15 1b 14  4  0 22 18
  690: 21  5 16  c  1 15 1b 18  4 14 22  0
  691: 21  5 16  c  1 15 1b 18 14  4 22  0
  692: 21  5 16 18  1  4  0 15 14  c 22 1b
  693: 21  5 16 18  1  4 1b 15 14  c 22  0
  694: 21  5 16 18  1 14  0 15  4  c 22 1b
  695: 21  5 16 18  1 14 1b 15  4  c 22  0
  696: 21  5 16 18  1 15  0  c  4 14 22 1b
  697: 21  5 16 18  1 15  0  c 14  4 22 1b
  698: 21  5 16 18  1 15  0 14  4  c 22 1b
  699: 21  5 16 18  1 15 1b  c  4 14 22  0
  700: 21  5 16 18  1 15 1b  c 14  4 22  0
  701: 21  5 16 18  1 15 1b 14  4  c 22  0
  702: 21 14 15  0  1  4  5  c 16 1b 22 18
  703: 21 14 15  0  1  4  5 18 16  c 22 1b
  704: 21 14 15  0  1  4 1b  c 16  5 22 18
  705: 21 14 15  0  1  5 16  c  4 1b 22 18
  706: 21 14 15  0  1  5 16 18  4  c 22 1b
  707: 21 14 15  0  1  5 1b  c 16  4 22 18
  708: 21 14 15  0  1 16  5  c  4 1b 22 18
  709: 21 14 15  0  1 16  5 18  4  c 22 1b
  710: 21 14 15  0  1 16 1b  c  4  5 22 18
  711: 21 14 15  4  1  0  5  c 16 1b 22 18
  712: 21 14 15  4  1  0  5 18 16  c 22 1b
  713: 21 14 15  4  1  0 1b  c 16  5 22 18
  714: 21 14 15  4  1  5  0  c 16 1b 22 18
  715: 21 14 15  4  1  5  0 18 16  c 22 1b
  716: 21 14 15  4  1  5 1b  0 16  c 22 18
  717: 21 14 15  4  1  5 1b  c 16  0 22 18
  718: 21 14 15  4  1  5 1b 18 16  c 22  0
  719: 21 14 15  c  1  0  5 18 16  4 22 1b
  720: 21 14 15  c  1  0 16 18  4  5 22 1b
  721: 21 14 15  c  1  4  0 18 16  5 22 1b
  722: 21 14 15  c  1  4  5  0 16 1b 22 18
  723: 21 14 15  c  1  4  5 18 16  0 22 1b
  724: 21 14 15  c  1  4  5 18 16 1b 22  0
  725: 21 14 15  c  1  4 1b  0 16  5 22 18
  726: 21 14 15  c  1  4 1b 18 16  5 22  0
  727: 21 14 15  c  1  5  0 18 16  4 22 1b
  728: 21 14 15  c  1  5 16  0  4 1b 22 18
  729: 21 14 15  c  1  5 16 18  4  0 22 1b
  730: 21 14 15  c  1  5 16 18  4 1b 22  0
  731: 21 14 15  c  1  5 1b  0 16  4 22 18
  732: 21 14 15  c  1  5 1b 18 16  4 22  0
  733: 21 14 15  c  1 16  0 18  4  5 22 1b
  734: 21 14 15  c  1 16  5  0  4 1b 22 18
  735: 21 14 15  c  1 16  5 18  4  0 22 1b
  736: 21 14 15  c  1 16  5 18  4 1b 22  0
  737: 21 14 15  c  1 16 1b  0  4  5 22 18
  738: 21 14 15  c  1 16 1b 18  4  5 22  0
  739: 21 14 15 16  1  0  5  c  4 1b 22 18
  740: 21 14 15 16  1  0  5 18  4  c 22 1b
  741: 21 14 15 16  1  0 1b  c  4  5 22 18
  742: 21 14 15 16  1  5  0  c  4 1b 22 18
  743: 21 14 15 16  1  5  0 18  4  c 22 1b
  744: 21 14 15 16  1  5 1b  0  4  c 22 18
  745: 21 14 15 16  1  5 1b  c  4  0 22 18
  746: 21 14 15 16  1  5 1b 18  4  c 22  0
  747: 21 14 15 18  1  0  5  c 16  4 22 1b
  748: 21 14 15 18  1  0 16  c  4  5 22 1b
  749: 21 14 15 18  1  4  0  c 16  5 22 1b
  750: 21 14 15 18  1  4  5  0 16  c 22 1b
  751: 21 14 15 18  1  4  5  c 16  0 22 1b
  752: 21 14 15 18  1  4  5  c 16 1b 22  0
  753: 21 14 15 18  1  4 1b  c 16  5 22  0
  754: 21 14 15 18  1  5  0  c 16  4 22 1b
  755: 21 14 15 18  1  5 16  0  4  c 22 1b
  756: 21 14 15 18  1  5 16  c  4  0 22 1b
  757: 21 14 15 18  1  5 16  c  4 1b 22  0
  758: 21 14 15 18  1  5 1b  c 16  4 22  0
  759: 21 14 15 18  1 16  0  c  4  5 22 1b
  760: 21 14 15 18  1 16  5  0  4  c 22 1b
  761: 21 14 15 18  1 16  5  c  4  0 22 1b
  762: 21 14 15 18  1 16  5  c  4 1b 22  0
  763: 21 14 15 18  1 16 1b  c  4  5 22  0
  764: 21 14 16  0  1  5 1b 15  4  c 22 18
  765: 21 14 16  0  1 15  5  c  4 1b 22 18
  766: 21 14 16  0  1 15  5 18  4  c 22 1b
  767: 21 14 16  0  1 15 1b  c  4  5 22 18
  768: 21 14 16  c  1  0  5 15  4 1b 22 18
  769: 21 14 16  c  1  0 1b 15  4  5 22 18
  770: 21 14 16  c  1  5  0 15  4 1b 22 18
  771: 21 14 16  c  1  5 1b 15  4  0 22 18
  772: 21 14 16  c  1 15  0 18  4  5 22 1b
  773: 21 14 16  c  1 15  5  0  4 1b 22 18
  774: 21 14 16  c  1 15  5 18  4  0 22 1b
  775: 21 14 16  c  1 15  5 18  4 1b 22  0
  776: 21 14 16  c  1 15 1b  0  4  5 22 18
  777: 21 14 16  c  1 15 1b 18  4  5 22  0
  778: 21 14 16 18  1  0  5 15  4  c 22 1b
  779: 21 14 16 18  1  5  0 15  4  c 22 1b
  780: 21 14 16 18  1  5 1b 15  4  c 22  0
  781: 21 14 16 18  1 15  0  c  4  5 22 1b
  782: 21 14 16 18  1 15  5  0  4  c 22 1b
  783: 21 14 16 18  1 15  5  c  4  0 22 1b
  784: 21 14 16 18  1 15  5  c  4 1b 22  0
  785: 21 14 16 18  1 15 1b  c  4  5 22  0
